11
"@(#) Mona format 11"
0.050000
0.950000
0.000000
0.000000
0.100000
0.900000
0.100000
0.000000
5
50
10.000000
2
3
500
1
2
3
0.000000
0
2
0
3
1
2
3
3
2
4
6
0.545455
0.272727
0.181818
0.545455
0.272727
0.181818
1
2
21
12
3
4517
1
0
21
1
1
1
1
1
1
1
1
1
1
1
1
1
1
1
1
1
1
1
1
1
0.000000
0
0
392
1160105919
2951615059
2271899280
3330626642
1403670519
1445376562
837757108
2291847813
1491631534
1653168352
2329408503
622570639
2681422645
142560586
209994447
438774895
2034818540
3498708016
2367576908
1839457814
3694013478
7048771
2077334535
2999149263
708988738
2424820057
295370026
558817605
2603115727
2389616100
2544366509
2001853021
1583704191
1408886742
1239066780
513433250
625616765
4209729200
2647988700
1146540879
1513690826
4074211177
2689068641
68206007
1614356181
1916314542
847996641
2243780992
614728404
1866201982
3748865935
4212996230
675199389
2867890968
3894379415
3947070800
2058647898
2601102608
1484776372
4568031
4065049576
4238703245
938842143
2605188760
1418557900
4015369483
3609271205
4294635315
4237408741
2200427872
1029759328
4216084752
1690950437
4197526253
291258142
2388036644
2040928665
2817889229
600448906
1881184028
893066454
2001366691
3476060020
4236385121
348813046
1319156426
3393726181
580466568
3830908165
955567075
2742749758
2590301388
1948876789
4076491771
152534482
1380528967
278633800
3330963707
2950134750
1692984814
3120036324
1417897287
3548679977
3318726934
40231290
2063783873
2058826430
2480035565
430445140
1909976362
2933204000
2161238000
2951385867
3038657579
3005329428
2291568753
3488301527
930444912
3594212657
4177929385
549199925
2810972954
851208411
616435458
4126610835
2150823314
1951037039
950469931
3252375263
760610354
1229812125
149405812
1024019384
3403989891
2458155705
392178284
1953296140
2908540891
956838237
1498998510
1510192250
947551648
2240088048
2851509033
995486769
788058190
2594756395
151194231
2868712192
1422024608
4279082831
3068584888
3301900296
2477310019
4121809322
3085868213
549851926
581330791
794539387
2642635632
2932275844
3572165150
3689487012
2758777836
4173682356
2028186559
1781364157
3821598314
9809055
3114630307
2477028765
3385415625
2113873732
1714551039
2018943508
4079855970
621870241
2418571575
3737249104
752118190
2791402709
3137253714
130751337
3895927003
2838395726
3167009710
2839193039
2247947367
4291650089
1165872487
3711907605
2856083017
3592254286
1002026096
3599665950
2230806281
4033540923
1738907252
4105397812
1741253742
560301843
999202037
2438448228
3928151458
2173711046
237819215
749579149
3260415479
3293605014
3612457203
3308875141
1827430419
3202539090
3158112864
3763361949
2199790436
3800228176
872806271
1362135894
16439174
3070344519
881671738
1662679141
3223680292
1737229753
968759198
3743444559
3480182201
1983934729
2603587778
2803435407
1174889396
732325
75740069
1501228033
2679649671
3974855797
1266941002
3819978257
2230910306
4288688628
332611855
3312693098
4239707954
2743234424
406938246
1316306993
521336961
3271302838
1528211084
1034840020
1507021502
4157999164
3893186874
3464983667
201431596
3626354342
1175932115
4018924700
2235928029
3733626310
1087223676
2176483415
964459995
1485196406
725375402
481793878
274886706
3655760109
195774381
559399295
275077734
3884340655
2314868036
600096486
1995454760
1666247144
193356376
3203190028
2002090803
340514490
1850084715
336783755
2129137291
3810688531
1396976546
3037472428
215768156
70257143
3300307043
268224755
1139028409
648992261
3040323083
3542793165
2311417862
1349863147
3545405835
57287977
2916736775
1542860948
1618180270
3603309309
2463243028
168009559
1113286449
660057943
2408558918
3325921740
1829699881
3873913132
1976984412
2183638730
3090189713
490854325
3165399737
641822109
4209621212
4133177667
1533809196
554533409
1140112124
1107920038
2404702244
681824048
3455902382
135533491
3479729933
2752277437
3561886378
903480475
2094449569
1476810962
3586928802
4110508967
925058482
563044823
2956651598
3170309236
600368105
1792723328
4150557117
3488155113
1385489291
1007225653
3773881388
2540318642
2269764312
2155718140
2470153039
1575243845
4016557922
3912719761
3089713084
3624921164
447876604
2571916504
2720993060
2593327775
3672361889
1036046854
1278703921
1349141356
443342961
98005173
643169772
2106865953
3401741897
883806469
231025096
74915656
629444892
3838159858
1883381487
3461856369
1977764711
3089573737
1185822190
3332995616
2363554626
3418269416
485387070
3750482992
1747725707
69448984
471028072
1035665103
2752602814
3514004082
2628168511
3812096533
1554389367
561648487
3823919725
1352951695
2232929200
1382417657
988105920
3602317722
3571799250
2199504902
2539428553
1378821807
3290231916
1708031545
534120945
668339607
1859423276
1222277813
1616271412
858176390
4032882565
3928580325
1426442592
446985545
2931863839
4042628958
3060431076
1793591742
2936690018
2887463724
10788031
2403073324
2941282773
2938780115
243451445
4259874856
3811566279
2031872748
1208061279
2824237532
1413525216
4148203652
1092805818
104816997
3080179376
1642182844
2902161480
704384712
2162256902
1821551834
3032816316
4150412942
1868983765
1721411860
1849861294
3592379088
3135690473
1205409983
1092097079
2404201252
4118917521
3973537707
2682239328
4213614078
1997457641
4095898373
455855191
2764622550
1864539967
1354645558
2257213846
3805320997
3441040669
2299704696
4194775675
996990457
666236997
4179896574
1236506364
1020374400
1309519452
2213691310
2340934503
368521574
884978738
888476555
2861425788
2355368769
4201699804
3776599567
1463081365
3532073188
1551589751
611895546
2544729273
2816519286
549756765
648527452
2052740495
2739534004
3104356728
83754274
3152847241
826417684
3602312034
3585856123
4271734059
1450914767
1256786794
3756179970
2207297829
842915649
1845442626
2193985874
3624034124
3928025551
1369111666
3932900693
1362961798
2503033991
73535997
2972973017
696297212
3747863036
100575527
4100157164
1067483656
3476282437
984238386
716028943
479982933
216282416
3433645306
114918730
3135126224
1342298437
543651891
2149610826
590034163
3101755080
1572055182
2521188395
1584206814
2794669519
1958771109
3208634390
2183073755
3256828534
3043041684
4142565543
3927670093
138021043
1936249273
2639564025
1477495823
3684214130
3338895842
3576237284
2619755219
653086270
477886671
1901259525
4150540266
2447821345
3505500580
732267176
850480816
2481769976
2677370257
1047232449
2965136568
3419856144
2641314782
3920518420
3769164288
185024567
2828675962
4276788638
3937902497
2941094880
3751391697
2130457086
3717031085
4243300237
3245658381
3288548828
777914690
2557038248
186359190
1283839232
4293892214
4020174708
2090638008
3753040015
3342389541
2501202788
3667907031
2760674993
3745636542
815935367
540099567
3815347978
1041919638
2656859971
2090617592
3963023901
1676429479
2784874959
1430481340
135122434
1502649380
1385755823
440617462
2815325466
2111774678
660200520
2700134950
2552217605
3445692127
4054849706
961678223
570722433
608155691
4067942904
3172740362
2647769685
3803308976
3813347384
2642717544
3690402383
840191922
2704875290
3925627897
2.000000
1.000000
2.000000
3.000000
2.000000
3.000000
2.000000
3.000000
2.000000
3.000000
2.000000
3.000000
2.000000
3.000000
2.000000
3.000000
2.000000
3.000000
1.000000
0.000000
0.000000
9
1000
5
9
1.000000
997
997
1.000000
3
0.200000
0.000000
0.000000
1293
1.000000
998
998
1.000000
3
0.200000
0.000000
0.000000
9
1.000000
998
998
1.000000
3
0.200000
0.000000
0.000000
1293
1.000000
999
999
1.000000
3
0.200000
0.000000
0.000000
9
1.000000
999
999
1.000000
3
0.200000
0.000000
0.000000
3
1296
0.997883
996
997
0.999788
3
0.200000
0.000000
0.000000
1296
0.998089
997
998
0.999809
3
0.200000
0.000000
0.000000
1296
0.998274
998
999
0.999827
3
0.200000
0.000000
0.000000
45
12
0
0
0.000000
3
0.200000
0.000000
0.000000
0
0.066667
0
3
13
2
13
0
78
0
0
2.000000
0.000000
2.000000
0.000000
2.000000
0.000000
2.000000
0.000000
2.000000
0.000000
2.000000
0.000000
2.000000
0.000000
2.000000
0.000000
2.000000
0.000000
0.000000
0.000000
0.000000
0
0
77
0
35
0.000000
3
0.200000
0.000000
0.000000
0
0.066667
0
2
78
2
81
0
0
2.000000
0.000000
2.000000
0.000000
2.000000
0.000000
2.000000
0.000000
2.000000
0.000000
2.000000
0.000000
2.000000
0.000000
2.000000
0.000000
2.000000
0.000000
0.000000
0.000000
2.000000
0
0
80
0
36
0.000000
3
0.000000
0.000000
0.000000
0
0.066667
0
4
81
2
83
2
83
0
144
0
0
2.000000
0.000000
2.000000
0.000000
2.000000
0.000000
2.000000
0.000000
2.000000
0.000000
2.000000
0.000000
2.000000
0.000000
2.000000
0.000000
2.000000
0.000000
0.000000
1.000000
0.000000
0
0
143
0
68
0.000000
3
0.000000
0.000000
0.000000
0
0.066667
0
2
144
2
147
0
0
2.000000
0.000000
2.000000
0.000000
2.000000
0.000000
2.000000
0.000000
2.000000
0.000000
2.000000
0.000000
2.000000
0.000000
2.000000
0.000000
2.000000
0.000000
0.000000
1.000000
3.000000
0
0
146
0
69
0.000000
3
0.000000
0.000000
0.000000
0
0.066667
0
2
147
2
150
0
0
2.000000
3.000000
2.000000
0.000000
2.000000
0.000000
2.000000
0.000000
2.000000
0.000000
2.000000
0.000000
2.000000
0.000000
2.000000
0.000000
2.000000
0.000000
0.000000
1.000000
0.000000
0
0
149
0
70
0.000000
3
0.000000
0.000000
0.000000
0
0.066667
0
2
150
2
153
0
0
2.000000
3.000000
2.000000
0.000000
2.000000
0.000000
2.000000
0.000000
2.000000
0.000000
2.000000
0.000000
2.000000
0.000000
2.000000
0.000000
2.000000
0.000000
3.000000
1.000000
0.000000
0
0
152
0
71
0.000000
3
0.000000
0.000000
0.000000
0
0.066667
0
4
153
2
155
2
155
0
226
0
0
2.000000
0.000000
2.000000
0.000000
2.000000
0.000000
2.000000
0.000000
2.000000
0.000000
2.000000
0.000000
2.000000
0.000000
2.000000
3.000000
2.000000
0.000000
3.000000
1.000000
0.000000
0
0
225
0
108
0.000000
3
0.000000
0.000000
0.000000
0
0.066667
0
2
226
2
229
0
0
2.000000
0.000000
2.000000
0.000000
2.000000
0.000000
2.000000
0.000000
2.000000
0.000000
2.000000
0.000000
2.000000
0.000000
2.000000
3.000000
2.000000
0.000000
3.000000
1.000000
3.000000
0
0
228
0
109
0.000000
3
0.000000
0.000000
0.000000
0
0.066667
0
2
229
2
232
0
0
2.000000
3.000000
2.000000
0.000000
2.000000
0.000000
2.000000
0.000000
2.000000
0.000000
2.000000
0.000000
2.000000
0.000000
2.000000
3.000000
2.000000
0.000000
3.000000
1.000000
0.000000
0
0
231
0
110
0.000000
3
0.000000
0.000000
0.000000
0
0.066667
0
2
232
2
235
0
0
2.000000
3.000000
2.000000
3.000000
2.000000
0.000000
2.000000
0.000000
2.000000
0.000000
2.000000
0.000000
2.000000
0.000000
2.000000
0.000000
2.000000
0.000000
1.000000
1.000000
0.000000
0
0
234
0
111
0.000000
3
0.000000
0.000000
0.000000
0
0.066667
0
4
235
2
237
2
237
0
282
0
0
2.000000
0.000000
2.000000
0.000000
2.000000
0.000000
2.000000
0.000000
2.000000
0.000000
2.000000
0.000000
2.000000
0.000000
2.000000
3.000000
2.000000
3.000000
1.000000
1.000000
0.000000
0
0
281
0
135
0.000000
3
0.200000
0.000000
0.000000
0
0.066667
0
4
282
2
284
2
284
0
309
0
0
2.000000
0.000000
2.000000
0.000000
2.000000
0.000000
2.000000
0.000000
2.000000
0.000000
2.000000
0.000000
2.000000
0.000000
2.000000
3.000000
2.000000
3.000000
1.000000
0.000000
0.000000
0
0
308
0
149
0.000000
3
0.000000
0.000000
0.000000
0
0.066667
0
2
309
2
312
0
0
2.000000
0.000000
2.000000
0.000000
2.000000
0.000000
2.000000
0.000000
2.000000
0.000000
2.000000
0.000000
2.000000
0.000000
2.000000
3.000000
2.000000
3.000000
1.000000
0.000000
3.000000
0
0
311
0
150
0.000000
3
0.200000
0.000000
0.000000
0
0.066667
0
4
312
2
314
2
314
0
389
0
0
2.000000
3.000000
2.000000
0.000000
2.000000
0.000000
2.000000
0.000000
2.000000
0.000000
2.000000
0.000000
2.000000
0.000000
2.000000
3.000000
2.000000
3.000000
1.000000
0.000000
0.000000
0
0
388
0
189
0.000000
3
0.200000
0.000000
0.000000
0
0.066667
0
2
389
2
392
0
0
2.000000
3.000000
2.000000
0.000000
2.000000
0.000000
2.000000
0.000000
2.000000
0.000000
2.000000
0.000000
2.000000
0.000000
2.000000
3.000000
2.000000
3.000000
1.000000
0.000000
2.000000
0
0
391
0
190
0.000000
3
0.000000
0.000000
0.000000
0
0.066667
0
2
392
2
395
0
0
2.000000
3.000000
2.000000
0.000000
2.000000
0.000000
2.000000
0.000000
2.000000
0.000000
2.000000
0.000000
2.000000
0.000000
2.000000
3.000000
2.000000
3.000000
1.000000
1.000000
0.000000
0
0
394
0
191
0.000000
3
0.000000
0.000000
0.000000
0
0.066667
0
4
395
2
397
2
397
0
463
0
0
2.000000
0.000000
2.000000
0.000000
2.000000
0.000000
2.000000
0.000000
2.000000
0.000000
2.000000
0.000000
2.000000
0.000000
2.000000
3.000000
2.000000
0.000000
1.000000
1.000000
0.000000
0
0
462
0
226
0.000000
3
0.000000
0.000000
0.000000
0
0.066667
0
2
463
2
466
0
0
2.000000
0.000000
2.000000
0.000000
2.000000
0.000000
2.000000
0.000000
2.000000
0.000000
2.000000
0.000000
2.000000
0.000000
2.000000
3.000000
2.000000
0.000000
1.000000
1.000000
3.000000
0
0
465
0
227
0.000000
3
0.000000
0.000000
0.000000
0
0.066667
0
2
466
2
469
0
0
2.000000
3.000000
2.000000
0.000000
2.000000
0.000000
2.000000
0.000000
2.000000
0.000000
2.000000
0.000000
2.000000
0.000000
2.000000
3.000000
2.000000
0.000000
1.000000
1.000000
0.000000
0
0
468
0
228
0.000000
3
0.000000
0.000000
0.000000
0
0.066667
0
2
469
2
472
0
0
2.000000
3.000000
2.000000
3.000000
2.000000
0.000000
2.000000
0.000000
2.000000
0.000000
2.000000
0.000000
2.000000
0.000000
2.000000
0.000000
2.000000
0.000000
2.000000
1.000000
0.000000
0
0
471
0
229
0.000000
3
0.000000
0.000000
0.000000
0
0.066667
0
4
472
2
474
2
474
0
591
0
0
2.000000
0.000000
2.000000
0.000000
2.000000
0.000000
2.000000
0.000000
2.000000
0.000000
2.000000
0.000000
2.000000
0.000000
2.000000
3.000000
2.000000
3.000000
2.000000
1.000000
0.000000
0
0
590
0
289
0.000000
3
0.200000
0.000000
0.000000
0
0.066667
0
4
591
2
593
2
593
0
614
0
0
2.000000
0.000000
2.000000
0.000000
2.000000
0.000000
2.000000
0.000000
2.000000
0.000000
2.000000
0.000000
2.000000
0.000000
2.000000
3.000000
2.000000
3.000000
2.000000
0.000000
0.000000
0
0
613
0
301
0.000000
3
0.000000
0.000000
0.000000
0
0.066667
0
2
614
2
617
0
0
2.000000
0.000000
2.000000
0.000000
2.000000
0.000000
2.000000
0.000000
2.000000
0.000000
2.000000
0.000000
2.000000
0.000000
2.000000
3.000000
2.000000
3.000000
2.000000
0.000000
3.000000
0
0
616
0
302
0.000000
3
0.200000
0.000000
0.000000
0
0.066667
0
4
617
2
619
2
619
0
760
0
0
2.000000
3.000000
2.000000
0.000000
2.000000
0.000000
2.000000
0.000000
2.000000
0.000000
2.000000
0.000000
2.000000
0.000000
2.000000
3.000000
2.000000
3.000000
2.000000
0.000000
0.000000
0
0
759
0
374
0.000000
3
0.200000
0.000000
0.000000
0
0.066667
0
2
760
2
763
0
0
2.000000
3.000000
2.000000
0.000000
2.000000
0.000000
2.000000
0.000000
2.000000
0.000000
2.000000
0.000000
2.000000
0.000000
2.000000
3.000000
2.000000
3.000000
2.000000
0.000000
2.000000
0
0
762
0
375
0.000000
3
0.000000
0.000000
0.000000
0
0.025474
0
2
763
2
766
0
0
2.000000
3.000000
2.000000
0.000000
2.000000
0.000000
2.000000
0.000000
2.000000
0.000000
2.000000
0.000000
2.000000
0.000000
2.000000
3.000000
2.000000
3.000000
2.000000
1.000000
0.000000
0
0
765
0
376
0.000000
3
0.000000
0.000000
0.000000
0
0.026815
0
4
766
2
768
2
768
0
833
0
0
2.000000
0.000000
2.000000
0.000000
2.000000
0.000000
2.000000
0.000000
2.000000
0.000000
2.000000
0.000000
2.000000
0.000000
2.000000
3.000000
2.000000
0.000000
2.000000
1.000000
0.000000
0
0
832
0
410
0.000000
3
0.000000
0.000000
0.000000
0
0.028226
0
2
833
2
836
0
0
2.000000
0.000000
2.000000
0.000000
2.000000
0.000000
2.000000
0.000000
2.000000
0.000000
2.000000
0.000000
2.000000
0.000000
2.000000
3.000000
2.000000
0.000000
2.000000
1.000000
3.000000
0
0
835
0
411
0.000000
3
0.000000
0.000000
0.000000
0
0.029712
0
2
836
2
839
0
0
2.000000
3.000000
2.000000
0.000000
2.000000
0.000000
2.000000
0.000000
2.000000
0.000000
2.000000
0.000000
2.000000
0.000000
2.000000
3.000000
2.000000
0.000000
2.000000
1.000000
0.000000
0
0
838
0
412
0.000000
3
0.000000
0.000000
0.000000
0
0.031276
0
2
839
2
842
0
0
2.000000
3.000000
2.000000
3.000000
2.000000
0.000000
2.000000
0.000000
2.000000
0.000000
2.000000
0.000000
2.000000
0.000000
2.000000
0.000000
2.000000
0.000000
0.000000
1.000000
0.000000
0
0
841
0
413
0.000000
3
0.000000
0.000000
0.000000
0
0.032922
0
4
842
2
844
2
844
0
921
0
0
2.000000
0.000000
2.000000
0.000000
2.000000
3.000000
2.000000
0.000000
2.000000
0.000000
2.000000
0.000000
2.000000
0.000000
2.000000
3.000000
2.000000
3.000000
0.000000
1.000000
0.000000
0
0
920
0
453
0.000000
3
0.000000
0.000000
0.000000
0
0.034655
0
2
921
2
924
0
0
2.000000
0.000000
2.000000
0.000000
2.000000
3.000000
2.000000
0.000000
2.000000
0.000000
2.000000
0.000000
2.000000
0.000000
2.000000
3.000000
2.000000
3.000000
0.000000
1.000000
3.000000
0
0
923
0
454
0.000000
3
0.000000
0.000000
0.000000
0
0.036479
0
2
924
2
927
0
0
2.000000
3.000000
2.000000
0.000000
2.000000
3.000000
2.000000
0.000000
2.000000
0.000000
2.000000
0.000000
2.000000
0.000000
2.000000
3.000000
2.000000
3.000000
0.000000
1.000000
0.000000
0
0
926
0
455
0.000000
3
0.000000
0.000000
0.000000
0
0.038399
0
6
927
2
929
2
1091
2
929
0
964
0
1163
0
0
2.000000
0.000000
2.000000
3.000000
2.000000
0.000000
2.000000
0.000000
2.000000
0.000000
2.000000
0.000000
2.000000
0.000000
2.000000
3.000000
2.000000
0.000000
0.000000
1.000000
0.000000
0
0
963
0
474
0.000000
3
0.200000
0.000000
0.000000
0
0.066667
0
4
964
2
966
2
966
0
1089
0
0
2.000000
0.000000
2.000000
3.000000
2.000000
0.000000
2.000000
0.000000
2.000000
0.000000
2.000000
0.000000
2.000000
0.000000
2.000000
3.000000
2.000000
0.000000
0.000000
0.000000
0.000000
0
0
1088
0
537
0.000000
3
0.200000
0.000000
0.000000
0
0.066667
0
2
1089
2
1091
0
0
2.000000
0.000000
2.000000
3.000000
2.000000
0.000000
2.000000
0.000000
2.000000
0.000000
2.000000
0.000000
2.000000
0.000000
2.000000
3.000000
2.000000
0.000000
0.000000
0.000000
2.000000
0
0
1162
0
574
0.000000
3
0.000000
0.000000
0.000000
0
0.000000
0
2
1163
2
1166
0
0
2.000000
0.000000
2.000000
3.000000
2.000000
0.000000
2.000000
0.000000
2.000000
0.000000
2.000000
0.000000
2.000000
0.000000
2.000000
3.000000
2.000000
0.000000
0.000000
1.000000
3.000000
0
0
1165
0
575
0.000000
3
0.000000
0.000000
0.000000
0
0.000000
0
2
1166
2
1169
0
0
2.000000
3.000000
2.000000
3.000000
2.000000
0.000000
2.000000
0.000000
2.000000
0.000000
2.000000
0.000000
2.000000
0.000000
2.000000
3.000000
2.000000
0.000000
0.000000
1.000000
0.000000
0
0
1168
0
576
0.000000
3
0.000000
0.000000
0.000000
0
0.000000
0
2
1169
2
1172
0
0
2.000000
3.000000
2.000000
3.000000
2.000000
0.000000
2.000000
3.000000
2.000000
0.000000
2.000000
0.000000
2.000000
0.000000
2.000000
0.000000
2.000000
0.000000
3.000000
1.000000
0.000000
0
0
1171
0
577
0.000000
3
0.000000
0.000000
0.000000
0
0.000000
0
2
1172
2
1175
0
0
2.000000
3.000000
2.000000
0.000000
2.000000
3.000000
2.000000
3.000000
2.000000
0.000000
2.000000
0.000000
2.000000
0.000000
2.000000
3.000000
2.000000
3.000000
3.000000
1.000000
0.000000
0
0
1174
0
578
0.000000
3
0.000000
0.000000
0.000000
0
0.000000
0
2
1175
2
1178
0
0
2.000000
3.000000
2.000000
3.000000
2.000000
3.000000
2.000000
0.000000
2.000000
3.000000
2.000000
3.000000
2.000000
0.000000
2.000000
0.000000
2.000000
0.000000
1.000000
1.000000
0.000000
0
0
1177
0
579
0.000000
3
0.000000
0.000000
0.000000
0
0.000000
0
2
1178
2
1181
0
0
2.000000
0.000000
2.000000
3.000000
2.000000
3.000000
2.000000
3.000000
2.000000
3.000000
2.000000
3.000000
2.000000
3.000000
2.000000
3.000000
2.000000
3.000000
1.000000
1.000000
0.000000
0
0
1180
0
580
0.000000
3
0.000000
0.100000
0.300000
0
0.000000
0
5
1181
2
1183
2
1433
2
1183
0
1294
0
0
2.000000
1.000000
2.000000
3.000000
2.000000
3.000000
2.000000
3.000000
2.000000
3.000000
2.000000
3.000000
2.000000
3.000000
2.000000
3.000000
2.000000
3.000000
1.000000
2.000000
0.000000
0
0
1293
0
637
1.000000
3
0.200000
0.000000
0.000000
0
0.000000
0
4
1294
2
1296
2
1296
0
1431
0
0
2.000000
1.000000
2.000000
3.000000
2.000000
3.000000
2.000000
3.000000
2.000000
3.000000
2.000000
3.000000
2.000000
3.000000
2.000000
3.000000
2.000000
3.000000
1.000000
0.000000
0.000000
0
0
1430
0
706
0.000000
3
0.200000
0.000000
0.000000
0
0.066667
0
2
1431
2
1433
0
0
2.000000
1.000000
2.000000
3.000000
2.000000
3.000000
2.000000
3.000000
2.000000
3.000000
2.000000
3.000000
2.000000
3.000000
2.000000
3.000000
2.000000
3.000000
1.000000
0.000000
2.000000
0
0
12
0
1
0
0.000000
3
0.000000
0.000000
0.000000
0
0.000000
0
6
1183
1
1187
1
1294
1
1295
1
1297
1
1438
1
0
-1
-1
-1
1
1
0
0.000000
3
0.000000
0.000000
0.000000
0
0.000000
0
18
153
1
156
1
235
1
238
1
395
1
398
1
472
1
475
1
766
1
769
1
842
1
845
1
927
1
930
1
1172
1
1176
1
1178
1
1182
1
1
-1
-1
-1
2
1
0
0.000000
3
0.000000
0.000000
0.000000
0
0.000000
0
0
2
-1
-1
-1
3
1
0
0.000000
3
0.000000
0.000000
0.000000
0
0.000000
0
12
150
1
154
1
232
1
236
1
469
1
473
1
839
1
843
1
1169
1
1173
1
1175
1
1179
1
3
-1
-1
-1
4
1
0
0.000000
3
0.000000
0.000000
0.000000
0
0.000000
0
0
4
-1
-1
-1
5
1
0
0.000000
3
0.000000
0.000000
0.000000
0
0.000000
0
10
81
1
84
1
392
1
396
1
763
1
767
1
1091
1
1094
1
1433
1
1436
1
5
-1
-1
-1
6
1
0
0.000000
3
0.000000
0.000000
0.000000
0
0.000000
0
0
6
-1
-1
-1
7
1
0
0.000000
3
0.000000
0.000000
0.000000
0
0.000000
0
16
147
1
151
1
229
1
233
1
312
1
315
1
466
1
470
1
617
1
620
1
836
1
840
1
924
1
928
1
1166
1
1170
1
7
-1
-1
-1
8
1
0
0.000000
3
0.000000
0.000000
0.000000
0
0.000000
0
0
8
-1
-1
-1
9
1
0
1.000000
3
0.000000
0.000000
0.000000
0
0.066667
0
36
13
1
16
1
78
1
79
1
82
1
284
1
288
1
309
1
310
1
313
1
314
1
318
1
389
1
390
1
393
1
593
1
597
1
614
1
615
1
618
1
619
1
623
1
760
1
761
1
764
1
966
1
970
1
1089
1
1090
1
1092
1
1296
1
1300
1
1431
1
1432
1
1434
1
1635
1
9
-1
-1
-1
10
1
0
0.000000
3
0.000000
0.000000
0.000000
0
0.000000
0
44
83
1
87
1
144
1
145
1
148
1
155
1
159
1
226
1
227
1
230
1
237
1
241
1
282
1
283
1
285
1
397
1
401
1
463
1
464
1
467
1
474
1
478
1
591
1
592
1
594
1
768
1
772
1
833
1
834
1
837
1
844
1
848
1
921
1
922
1
925
1
929
1
933
1
964
1
965
1
967
1
1096
1
1163
1
1164
1
1167
1
10
-1
-1
-1
11
1
0
0.000000
3
0.000000
0.000000
0.000000
0
0.000000
0
2
1181
1
1184
1
11
-1
-1
-1
0
144
13
2
1
0.000000
3
0.000000
0.000000
0.000000
0
0.006813
0
4
16
2
16
0
79
0
82
0
0
0.532666
0.879999
32.000000
12
1
9
12
0
0
18446744073709551615
16
2
3
0.000000
3
0.000000
0.000000
0.000000
0
0.000000
0
0
1
0.354459
0.873831
30.000000
13
1
9
13
0
0
18446744073709551615
78
2
35
0.000000
3
0.000000
0.000000
0.000000
0
0.066667
0
2
79
2
84
0
0
0.950000
0.475000
0.000000
12
1
9
77
0
0
18446744073709551615
79
2
35
0.000000
3
0.000000
0.000000
0.000000
0
0.007172
0
0
1
0.950000
0.475000
0.000000
13
1
9
78
0
0
18446744073709551615
81
2
36
0.000000
3
0.000000
0.000000
0.000000
0
0.066667
0
1
82
2
0
0.950000
0.475000
0.000000
77
1
5
80
0
0
18446744073709551615
82
2
36
0.000000
3
0.000000
0.000000
0.000000
0
0.006471
0
0
1
0.950000
0.475000
0.000000
13
1
9
81
0
0
18446744073709551615
83
2
37
0.000000
3
0.000000
0.000000
0.000000
0
0.006811
0
5
84
2
87
2
87
0
145
0
148
0
0
0.532318
0.870500
29.000000
80
1
10
80
0
0
18446744073709551615
84
2
37
0.000000
3
0.000000
0.000000
0.000000
0
0.003185
0
0
1
0.950000
0.475000
0.000000
78
1
5
83
0
0
18446744073709551615
87
2
39
0.000000
3
0.000000
0.000000
0.000000
0
0.000000
0
0
1
0.354190
0.863277
27.000000
83
1
10
83
0
0
18446744073709551615
144
2
68
0.000000
3
0.000000
0.000000
0.000000
0
0.066667
0
2
145
2
151
0
0
0.950000
0.475000
0.000000
80
1
10
143
0
0
18446744073709551615
145
2
68
0.000000
3
0.000000
0.000000
0.000000
0
0.006811
0
0
1
0.950000
0.475000
0.000000
83
1
10
144
0
0
18446744073709551615
147
2
69
0.000000
3
0.000000
0.000000
0.000000
0
0.066667
0
2
148
2
154
0
0
0.950000
0.475000
0.000000
143
1
7
146
0
0
18446744073709551615
148
2
69
0.000000
3
0.000000
0.000000
0.000000
0
0.007170
0
0
1
0.950000
0.475000
0.000000
83
1
10
147
0
0
18446744073709551615
150
2
70
0.000000
3
0.000000
0.000000
0.000000
0
0.066667
0
2
151
2
156
0
0
0.950000
0.475000
0.000000
146
1
3
149
0
0
18446744073709551615
151
2
70
0.000000
3
0.000000
0.000000
0.000000
0
0.007547
0
0
1
0.950000
0.475000
0.000000
144
1
7
150
0
0
18446744073709551615
153
2
71
0.000000
3
0.000000
0.000000
0.000000
0
0.066667
0
1
154
2
0
0.950000
0.475000
0.000000
149
1
1
152
0
0
18446744073709551615
154
2
71
0.000000
3
0.000000
0.000000
0.000000
0
0.007944
0
0
1
0.950000
0.475000
0.000000
147
1
3
153
0
0
18446744073709551615
155
2
72
0.000000
3
0.000000
0.000000
0.000000
0
0.008362
0
5
156
2
159
2
159
0
227
0
230
0
0
0.532845
0.885587
34.000000
152
1
10
152
0
0
18446744073709551615
156
2
72
0.000000
3
0.000000
0.000000
0.000000
0
0.003907
0
0
1
0.950000
0.475000
0.000000
150
1
1
155
0
0
18446744073709551615
159
2
74
0.000000
3
0.000000
0.000000
0.000000
0
0.000000
0
0
1
0.354598
0.879999
32.000000
155
1
10
155
0
0
18446744073709551615
226
2
108
0.000000
3
0.000000
0.000000
0.000000
0
0.066667
0
2
227
2
233
0
0
0.950000
0.475000
0.000000
152
1
10
225
0
0
18446744073709551615
227
2
108
0.000000
3
0.000000
0.000000
0.000000
0
0.008362
0
0
1
0.950000
0.475000
0.000000
155
1
10
226
0
0
18446744073709551615
229
2
109
0.000000
3
0.000000
0.000000
0.000000
0
0.066667
0
2
230
2
236
0
0
0.950000
0.475000
0.000000
225
1
7
228
0
0
18446744073709551615
230
2
109
0.000000
3
0.000000
0.000000
0.000000
0
0.008803
0
0
1
0.950000
0.475000
0.000000
155
1
10
229
0
0
18446744073709551615
232
2
110
0.000000
3
0.000000
0.000000
0.000000
0
0.066667
0
2
233
2
238
0
0
0.950000
0.475000
0.000000
228
1
3
231
0
0
18446744073709551615
233
2
110
0.000000
3
0.000000
0.000000
0.000000
0
0.009266
0
0
1
0.950000
0.475000
0.000000
226
1
7
232
0
0
18446744073709551615
235
2
111
0.000000
3
0.000000
0.000000
0.000000
0
0.066667
0
1
236
2
0
0.950000
0.475000
0.000000
231
1
1
234
0
0
18446744073709551615
236
2
111
0.000000
3
0.000000
0.000000
0.000000
0
0.009753
0
0
1
0.950000
0.475000
0.000000
229
1
3
235
0
0
18446744073709551615
237
2
112
0.000000
3
0.000000
0.000000
0.000000
0
0.009753
0
5
238
2
241
2
241
0
283
0
285
0
0
0.530653
0.835780
21.000000
234
1
10
234
0
0
18446744073709551615
238
2
112
0.000000
3
0.000000
0.000000
0.000000
0
0.004578
0
0
1
0.950000
0.475000
0.000000
232
1
1
237
0
0
18446744073709551615
241
2
114
0.000000
3
0.000000
0.000000
0.000000
0
0.000000
0
0
1
0.352901
0.823993
19.000000
237
1
10
237
0
0
18446744073709551615
282
2
135
0.000000
3
0.000000
0.000000
0.000000
0
0.066667
0
1
283
2
0
0.950000
0.475000
0.000000
234
1
10
281
0
0
18446744073709551615
283
2
135
0.000000
3
0.000000
0.000000
0.000000
0
0.010267
0
0
1
0.950000
0.475000
0.000000
237
1
10
282
0
0
18446744073709551615
284
2
136
0.000000
3
0.000000
0.000000
0.000000
0
0.009006
0
5
285
2
288
2
288
0
310
0
313
0
0
0.525356
0.753772
11.000000
281
1
9
281
0
0
18446744073709551615
285
2
136
0.000000
3
0.000000
0.000000
0.000000
0
0.004275
0
0
1
0.950000
0.475000
0.000000
237
1
10
284
0
0
18446744073709551615
288
2
138
0.000000
3
0.000000
0.000000
0.000000
0
0.000000
0
0
1
0.348801
0.726867
9.000000
284
1
9
284
0
0
18446744073709551615
309
2
149
0.000000
3
0.000000
0.000000
0.000000
0
0.066667
0
2
310
2
315
0
0
0.950000
0.475000
0.000000
281
1
9
308
0
0
18446744073709551615
310
2
149
0.000000
3
0.000000
0.000000
0.000000
0
0.009006
0
0
1
0.950000
0.475000
0.000000
284
1
9
309
0
0
18446744073709551615
312
2
150
0.000000
3
0.000000
0.000000
0.000000
0
0.066667
0
1
313
2
0
0.950000
0.475000
0.000000
308
1
7
311
0
0
18446744073709551615
313
2
150
0.000000
3
0.000000
0.000000
0.000000
0
0.009480
0
0
1
0.950000
0.475000
0.000000
284
1
9
312
0
0
18446744073709551615
314
2
151
0.000000
3
0.000000
0.000000
0.000000
0
0.007584
0
5
315
2
318
2
318
0
390
0
393
0
0
0.532991
0.890671
36.000000
311
1
9
311
0
0
18446744073709551615
315
2
151
0.000000
3
0.000000
0.000000
0.000000
0
0.003542
0
0
1
0.950000
0.475000
0.000000
309
1
7
314
0
0
18446744073709551615
318
2
153
0.000000
3
0.000000
0.000000
0.000000
0
0.000000
0
0
1
0.354711
0.885587
34.000000
314
1
9
314
0
0
18446744073709551615
389
2
189
0.000000
3
0.000000
0.000000
0.000000
0
0.066667
0
2
390
2
396
0
0
0.950000
0.475000
0.000000
311
1
9
388
0
0
18446744073709551615
390
2
189
0.000000
3
0.000000
0.000000
0.000000
0
0.007983
0
0
1
0.950000
0.475000
0.000000
314
1
9
389
0
0
18446744073709551615
392
2
190
0.000000
3
0.000000
0.000000
0.000000
0
0.066667
0
2
393
2
398
0
0
0.950000
0.475000
0.000000
388
1
5
391
0
0
18446744073709551615
393
2
190
0.000000
3
0.000000
0.000000
0.000000
0
0.006302
0
0
1
0.950000
0.475000
0.000000
314
1
9
392
0
0
18446744073709551615
395
2
191
0.000000
3
0.000000
0.000000
0.000000
0
0.066667
0
1
396
2
0
0.950000
0.475000
0.000000
391
1
1
394
0
0
18446744073709551615
396
2
191
0.000000
3
0.000000
0.000000
0.000000
0
0.006634
0
0
1
0.950000
0.475000
0.000000
389
1
5
395
0
0
18446744073709551615
397
2
192
0.000000
3
0.000000
0.000000
0.000000
0
0.006983
0
5
398
2
401
2
401
0
464
0
467
0
0
0.532666
0.879999
32.000000
394
1
10
394
0
0
18446744073709551615
398
2
192
0.000000
3
0.000000
0.000000
0.000000
0
0.003264
0
0
1
0.950000
0.475000
0.000000
392
1
1
397
0
0
18446744073709551615
401
2
194
0.000000
3
0.000000
0.000000
0.000000
0
0.000000
0
0
1
0.354459
0.873831
30.000000
397
1
10
397
0
0
18446744073709551615
463
2
226
0.000000
3
0.000000
0.000000
0.000000
0
0.066667
0
2
464
2
470
0
0
0.950000
0.475000
0.000000
394
1
10
462
0
0
18446744073709551615
464
2
226
0.000000
3
0.000000
0.000000
0.000000
0
0.006983
0
0
1
0.950000
0.475000
0.000000
397
1
10
463
0
0
18446744073709551615
466
2
227
0.000000
3
0.000000
0.000000
0.000000
0
0.066667
0
2
467
2
473
0
0
0.950000
0.475000
0.000000
462
1
7
465
0
0
18446744073709551615
467
2
227
0.000000
3
0.000000
0.000000
0.000000
0
0.007351
0
0
1
0.950000
0.475000
0.000000
397
1
10
466
0
0
18446744073709551615
469
2
228
0.000000
3
0.000000
0.000000
0.000000
0
0.066667
0
2
470
2
475
0
0
0.950000
0.475000
0.000000
465
1
3
468
0
0
18446744073709551615
470
2
228
0.000000
3
0.000000
0.000000
0.000000
0
0.007738
0
0
1
0.950000
0.475000
0.000000
463
1
7
469
0
0
18446744073709551615
472
2
229
0.000000
3
0.000000
0.000000
0.000000
0
0.066667
0
1
473
2
0
0.950000
0.475000
0.000000
468
1
1
471
0
0
18446744073709551615
473
2
229
0.000000
3
0.000000
0.000000
0.000000
0
0.008145
0
0
1
0.950000
0.475000
0.000000
466
1
3
472
0
0
18446744073709551615
474
2
230
0.000000
3
0.000000
0.000000
0.000000
0
0.008145
0
5
475
2
478
2
478
0
592
0
594
0
0
0.533561
0.925299
57.000000
471
1
10
471
0
0
18446744073709551615
475
2
230
0.000000
3
0.000000
0.000000
0.000000
0
0.003799
0
0
1
0.950000
0.475000
0.000000
469
1
1
474
0
0
18446744073709551615
478
2
232
0.000000
3
0.000000
0.000000
0.000000
0
0.000000
0
0
1
0.355152
0.922986
55.000000
474
1
10
474
0
0
18446744073709551615
591
2
289
0.000000
3
0.000000
0.000000
0.000000
0
0.066667
0
1
592
2
0
0.950000
0.475000
0.000000
471
1
10
590
0
0
18446744073709551615
592
2
289
0.000000
3
0.000000
0.000000
0.000000
0
0.008574
0
0
1
0.950000
0.475000
0.000000
474
1
10
591
0
0
18446744073709551615
593
2
290
0.000000
3
0.000000
0.000000
0.000000
0
0.006017
0
5
594
2
597
2
597
0
615
0
618
0
0
0.523480
0.726867
9.000000
590
1
9
590
0
0
18446744073709551615
594
2
290
0.000000
3
0.000000
0.000000
0.000000
0
0.002867
0
0
1
0.950000
0.475000
0.000000
474
1
10
593
0
0
18446744073709551615
597
2
292
0.000000
3
0.000000
0.000000
0.000000
0
0.000000
0
0
1
0.347349
0.693648
7.000000
593
1
9
593
0
0
18446744073709551615
614
2
301
0.000000
3
0.000000
0.000000
0.000000
0
0.066667
0
2
615
2
620
0
0
0.950000
0.475000
0.000000
590
1
9
613
0
0
18446744073709551615
615
2
301
0.000000
3
0.000000
0.000000
0.000000
0
0.006017
0
0
1
0.950000
0.475000
0.000000
593
1
9
614
0
0
18446744073709551615
617
2
302
0.000000
3
0.000000
0.000000
0.000000
0
0.066667
0
1
618
2
0
0.950000
0.475000
0.000000
613
1
7
616
0
0
18446744073709551615
618
2
302
0.000000
3
0.000000
0.000000
0.000000
0
0.006333
0
0
1
0.950000
0.475000
0.000000
593
1
9
617
0
0
18446744073709551615
619
2
303
0.000000
3
0.000000
0.000000
0.000000
0
0.003167
0
5
620
2
623
2
623
0
761
0
764
0
0
0.533614
0.936687
69.000000
616
1
9
616
0
0
18446744073709551615
620
2
303
0.000000
3
0.000000
0.000000
0.000000
0
0.001477
0
0
1
0.950000
0.475000
0.000000
614
1
7
619
0
0
18446744073709551615
623
2
305
0.000000
3
0.000000
0.000000
0.000000
0
0.000000
0
0
1
0.355193
0.935038
67.000000
619
1
9
619
0
0
18446744073709551615
760
2
374
0.000000
3
0.000000
0.000000
0.000000
0
0.066667
0
2
761
2
767
0
0
0.950000
0.475000
0.000000
616
1
9
759
0
0
18446744073709551615
761
2
374
0.000000
3
0.000000
0.000000
0.000000
0
0.003333
0
0
1
0.950000
0.475000
0.000000
619
1
9
760
0
0
18446744073709551615
763
2
375
0.000000
3
0.000000
0.000000
0.000000
0
0.025474
0
2
764
2
769
0
0
0.950000
0.475000
0.000000
759
1
5
762
0
0
18446744073709551615
764
2
375
0.000000
3
0.000000
0.000000
0.000000
0
0.001274
0
0
1
0.950000
0.475000
0.000000
619
1
9
763
0
0
18446744073709551615
766
2
376
0.000000
3
0.000000
0.000000
0.000000
0
0.026815
0
1
767
2
0
0.950000
0.475000
0.000000
762
1
1
765
0
0
18446744073709551615
767
2
376
0.000000
3
0.000000
0.000000
0.000000
0
0.001341
0
0
1
0.950000
0.475000
0.000000
760
1
5
766
0
0
18446744073709551615
768
2
377
0.000000
3
0.000000
0.000000
0.000000
0
0.001411
0
5
769
2
772
2
772
0
834
0
837
0
0
0.532562
0.876993
31.000000
765
1
10
765
0
0
18446744073709551615
769
2
377
0.000000
3
0.000000
0.000000
0.000000
0
0.000627
0
0
1
0.950000
0.475000
0.000000
763
1
1
768
0
0
18446744073709551615
772
2
379
0.000000
3
0.000000
0.000000
0.000000
0
0.000000
0
0
1
0.354379
0.870500
29.000000
768
1
10
768
0
0
18446744073709551615
833
2
410
0.000000
3
0.000000
0.000000
0.000000
0
0.028226
0
2
834
2
840
0
0
0.950000
0.475000
0.000000
765
1
10
832
0
0
18446744073709551615
834
2
410
0.000000
3
0.000000
0.000000
0.000000
0
0.001411
0
0
1
0.950000
0.475000
0.000000
768
1
10
833
0
0
18446744073709551615
836
2
411
0.000000
3
0.000000
0.000000
0.000000
0
0.029712
0
2
837
2
843
0
0
0.950000
0.475000
0.000000
832
1
7
835
0
0
18446744073709551615
837
2
411
0.000000
3
0.000000
0.000000
0.000000
0
0.001486
0
0
1
0.950000
0.475000
0.000000
768
1
10
836
0
0
18446744073709551615
839
2
412
0.000000
3
0.000000
0.000000
0.000000
0
0.031276
0
2
840
2
845
0
0
0.950000
0.475000
0.000000
835
1
3
838
0
0
18446744073709551615
840
2
412
0.000000
3
0.000000
0.000000
0.000000
0
0.001564
0
0
1
0.950000
0.475000
0.000000
833
1
7
839
0
0
18446744073709551615
842
2
413
0.000000
3
0.000000
0.000000
0.000000
0
0.032922
0
1
843
2
0
0.950000
0.475000
0.000000
838
1
1
841
0
0
18446744073709551615
843
2
413
0.000000
3
0.000000
0.000000
0.000000
0
0.001646
0
0
1
0.950000
0.475000
0.000000
836
1
3
842
0
0
18446744073709551615
844
2
414
0.000000
3
0.000000
0.000000
0.000000
0
0.001733
0
5
845
2
848
2
848
0
922
0
925
0
0
0.533054
0.893045
37.000000
841
1
10
841
0
0
18446744073709551615
845
2
414
0.000000
3
0.000000
0.000000
0.000000
0
0.000809
0
0
1
0.950000
0.475000
0.000000
839
1
1
844
0
0
18446744073709551615
848
2
416
0.000000
3
0.000000
0.000000
0.000000
0
0.000000
0
0
1
0.354760
0.888187
35.000000
844
1
10
844
0
0
18446744073709551615
921
2
453
0.000000
3
0.000000
0.000000
0.000000
0
0.034655
0
2
922
2
928
0
0
0.950000
0.475000
0.000000
841
1
10
920
0
0
18446744073709551615
922
2
453
0.000000
3
0.000000
0.000000
0.000000
0
0.001733
0
0
1
0.950000
0.475000
0.000000
844
1
10
921
0
0
18446744073709551615
924
2
454
0.000000
3
0.000000
0.000000
0.000000
0
0.036479
0
2
925
2
930
0
0
0.950000
0.475000
0.000000
920
1
7
923
0
0
18446744073709551615
925
2
454
0.000000
3
0.000000
0.000000
0.000000
0
0.001824
0
0
1
0.950000
0.475000
0.000000
844
1
10
924
0
0
18446744073709551615
927
2
455
0.000000
3
0.000000
0.000000
0.000000
0
0.038399
0
1
928
2
0
0.950000
0.475000
0.000000
923
1
1
926
0
0
18446744073709551615
928
2
455
0.000000
3
0.000000
0.000000
0.000000
0
0.001920
0
0
1
0.950000
0.475000
0.000000
921
1
7
927
0
0
18446744073709551615
929
2
456
0.000000
3
0.000000
0.000000
0.000000
0
0.004414
0
9
930
2
933
2
1094
2
1096
2
965
0
967
0
933
0
1164
0
1167
0
0
0.526902
0.911418
51.000000
926
1
10
926
0
0
18446744073709551615
930
2
456
0.000000
3
0.000000
0.000000
0.000000
0
0.002088
0
0
1
0.950000
0.475000
0.000000
924
1
1
929
0
0
18446744073709551615
933
2
458
0.000000
3
0.000000
0.000000
0.000000
0
0.000000
0
0
1
0.348733
0.903712
48.000000
929
1
10
929
0
0
18446744073709551615
964
2
474
0.000000
3
0.000000
0.000000
0.000000
0
0.066667
0
1
965
2
0
0.303146
0.475000
0.000000
926
1
10
963
0
0
18446744073709551615
965
2
474
0.000000
3
0.000000
0.000000
0.000000
0
0.066667
0
0
1
0.050008
0.475000
0.000000
929
1
10
964
0
0
18446744073709551615
966
2
475
0.000000
3
0.000000
0.000000
0.000000
0
0.003167
0
5
967
2
970
2
970
0
1090
0
1092
0
0
0.533581
0.928517
60.000000
963
1
9
963
0
0
18446744073709551615
967
2
475
0.000000
3
0.000000
0.000000
0.000000
0
0.001477
0
0
1
0.050008
0.475000
0.000000
929
1
10
966
0
0
18446744073709551615
970
2
477
0.000000
3
0.000000
0.000000
0.000000
0
0.000000
0
0
1
0.355167
0.926404
58.000000
966
1
9
966
0
0
18446744073709551615
1089
2
537
0.000000
3
0.000000
0.000000
0.000000
0
0.066667
0
2
1090
2
1094
0
0
0.950000
0.475000
0.000000
963
1
9
1088
0
0
18446744073709551615
1090
2
537
0.000000
3
0.000000
0.000000
0.000000
0
0.003333
0
0
1
0.950000
0.475000
0.000000
966
1
9
1089
0
0
18446744073709551615
1091
2
538
0.000000
3
0.000000
0.000000
0.000000
0
0.038399
0
2
1092
2
1096
0
0
0.950000
0.475000
0.000000
1088
1
5
926
0
0
18446744073709551615
1092
2
538
0.000000
3
0.000000
0.000000
0.000000
0
0.001920
0
0
1
0.950000
0.475000
0.000000
966
1
9
1091
0
0
18446744073709551615
1094
2
539
0.000000
3
0.000000
0.000000
0.000000
0
0.002088
0
0
1
0.950000
0.475000
0.000000
1089
1
5
929
0
0
18446744073709551615
1096
2
540
0.000000
3
0.000000
0.000000
0.000000
0
0.002088
0
0
1
0.950000
0.475000
0.000000
1091
1
10
929
0
0
18446744073709551615
1163
2
574
0.000000
3
0.000000
0.000000
0.000000
0
0.000000
0
2
1164
2
1170
0
0
0.950000
0.475000
0.000000
926
1
10
1162
0
0
18446744073709551615
1164
2
574
0.000000
3
0.000000
0.000000
0.000000
0
0.000000
0
0
1
0.950000
0.475000
0.000000
929
1
10
1163
0
0
18446744073709551615
1166
2
575
0.000000
3
0.000000
0.000000
0.000000
0
0.000000
0
2
1167
2
1173
0
0
0.950000
0.475000
0.000000
1162
1
7
1165
0
0
18446744073709551615
1167
2
575
0.000000
3
0.000000
0.000000
0.000000
0
0.000000
0
0
1
0.950000
0.475000
0.000000
929
1
10
1166
0
0
18446744073709551615
1169
2
576
0.000000
3
0.000000
0.000000
0.000000
0
0.000000
0
2
1170
2
1176
0
0
0.950000
0.475000
0.000000
1165
1
3
1168
0
0
18446744073709551615
1170
2
576
0.000000
3
0.000000
0.000000
0.000000
0
0.000000
0
0
1
0.950000
0.475000
0.000000
1163
1
7
1169
0
0
18446744073709551615
1172
2
577
0.000000
3
0.000000
0.000000
0.000000
0
0.000000
0
2
1173
2
1179
0
0
0.950000
0.475000
0.000000
1168
1
1
1171
0
0
18446744073709551615
1173
2
577
0.000000
3
0.000000
0.000000
0.000000
0
0.000000
0
0
1
0.950000
0.475000
0.000000
1166
1
3
1172
0
0
18446744073709551615
1175
2
578
0.000000
3
0.000000
0.000000
0.000000
0
0.000000
0
2
1176
2
1182
0
0
0.950000
0.475000
0.000000
1171
1
3
1174
0
0
18446744073709551615
1176
2
578
0.000000
3
0.000000
0.000000
0.000000
0
0.000000
0
0
1
0.950000
0.475000
0.000000
1169
1
1
1175
0
0
18446744073709551615
1178
2
579
0.000000
3
0.000000
0.000000
0.000000
0
0.000000
0
2
1179
2
1184
0
0
0.950000
0.475000
0.000000
1174
1
1
1177
0
0
18446744073709551615
1179
2
579
0.000000
3
0.000000
0.000000
0.000000
0
0.000000
0
0
1
0.950000
0.475000
0.000000
1172
1
3
1178
0
0
18446744073709551615
1181
2
580
0.000000
3
0.000000
0.000000
0.000000
0
0.000000
0
1
1182
2
0
0.950000
0.475000
0.000000
1177
1
11
1180
0
0
18446744073709551615
1182
2
580
0.000000
3
0.000000
0.000000
0.000000
0
0.000000
0
0
1
0.950000
0.475000
0.000000
1175
1
1
1181
0
0
18446744073709551615
1183
2
581
0.000000
3
0.000000
0.000000
0.000000
0
0.000000
0
7
1184
2
1187
2
1436
2
1438
2
1297
0
1187
0
1295
0
0
0.533624
0.980683
249.000000
1180
1
0
1180
0
0
18446744073709551615
1184
2
581
0.000000
3
0.000000
0.000000
0.000000
0
0.000000
0
0
1
0.950000
0.475000
0.000000
1178
1
11
1183
0
0
18446744073709551615
1187
2
583
0.000000
3
0.000000
0.000000
0.000000
0
0.000000
0
0
1
0.355200
0.980453
246.000000
1183
1
0
1183
0
0
18446744073709551615
1294
2
637
0.000000
3
0.000000
0.000000
0.000000
0
0.000000
0
2
1295
2
1635
0
0
0.121203
0.475000
0.000000
1180
1
0
1293
0
0
18446744073709551615
1295
2
637
0.000000
3
0.000000
0.000000
0.000000
0
0.000000
0
0
1
0.141294
0.153980
2.000000
1183
1
0
1294
0
0
18446744073709551615
1296
2
638
0.998274
3
0.000000
0.000000
0.000000
0
0.000000
0
6
1297
2
1300
2
1635
2
1300
0
1432
0
1434
0
0
0.000000
0.969100
156.000000
1293
1
9
1293
3
0.544605
0.000000
1
0
1
999
3
0.200000
0.000000
0.000000
0.272302
0.000000
1
1
1
999
3
0.200000
0.000000
0.000000
0.181535
0.000000
1
2
1
999
3
0.200000
0.000000
0.000000
3
0.000000
0.000000
3
2
0
997
3
0.200000
0.000000
0.000000
0.000000
0.000000
2
1
1
998
3
0.200000
0.000000
0.000000
0.000000
0.000000
2
2
1
998
3
0.200000
0.000000
0.000000
998
1297
2
638
0.000000
3
0.000000
0.000000
0.000000
0
0.000000
0
0
1
0.086477
0.079321
0.777778
1183
1
0
1296
0
0
18446744073709551615
1300
2
640
0.997628
3
0.000000
0.000000
0.000000
0
0.000000
0
0
1
0.000000
0.968441
154.000000
1296
1
9
1296
3
0.544286
0.000000
1
0
1
998
3
0.200000
0.000000
0.000000
0.272143
0.000000
1
1
1
998
3
0.200000
0.000000
0.000000
0.181429
0.000000
1
2
1
998
3
0.200000
0.000000
0.000000
9
0.000000
0.000000
6
2
0
993
3
0.200000
0.000000
0.000000
0.000000
0.000000
5
2
0
994
3
0.200000
0.000000
0.000000
0.000000
0.000000
4
1
0
995
3
0.200000
0.000000
0.000000
0.000000
0.000000
4
2
0
995
3
0.200000
0.000000
0.000000
0.000000
0.000000
3
1
0
996
3
0.200000
0.000000
0.000000
0.000000
0.000000
3
2
0
996
3
0.200000
0.000000
0.000000
0.000000
0.000000
2
0
1
997
3
0.200000
0.000000
0.000000
0.000000
0.000000
2
1
1
997
3
0.200000
0.000000
0.000000
0.000000
0.000000
2
2
1
997
3
0.200000
0.000000
0.000000
997
1431
2
706
0.000000
3
0.000000
0.000000
0.000000
0
0.040741
0
2
1432
2
1436
0
0
0.000000
0.475000
0.000000
1293
1
9
1430
3
0.040401
0.040741
1
0
1
999
3
0.200000
0.000000
0.000000
0.020201
0.040741
1
1
1
999
3
0.200000
0.000000
0.000000
0.013467
0.040741
1
2
1
999
3
0.200000
0.000000
0.000000
3
0.013467
0.040741
3
2
0
997
3
0.200000
0.000000
0.000000
0.020201
0.040741
2
1
1
998
3
0.200000
0.000000
0.000000
0.013467
0.040741
2
2
1
998
3
0.200000
0.000000
0.000000
998
1432
2
706
0.000000
3
0.000000
0.000000
0.000000
0
0.021454
0
0
1
0.000000
0.116111
1.000000
1296
1
9
1431
3
0.016667
0.000000
1
0
1
998
3
0.200000
0.000000
0.000000
0.008333
0.000000
1
1
1
998
3
0.200000
0.000000
0.000000
0.005556
0.000000
1
2
1
998
3
0.200000
0.000000
0.000000
3
0.005556
0.021454
5
2
0
994
3
0.200000
0.000000
0.000000
0.008333
0.021454
3
1
0
996
3
0.200000
0.000000
0.000000
0.005556
0.021454
3
2
0
996
3
0.200000
0.000000
0.000000
996
1433
2
707
0.000000
3
0.000000
0.000000
0.000000
0
0.000000
0
2
1434
2
1438
0
0
0.950000
0.475000
0.000000
1430
1
5
1180
0
0
18446744073709551615
1434
2
707
0.000000
3
0.000000
0.000000
0.000000
0
0.000000
0
0
1
0.000000
0.116111
1.000000
1296
1
9
1433
3
0.016667
0.000000
1
0
1
998
3
0.200000
0.000000
0.000000
0.008333
0.000000
1
1
1
998
3
0.200000
0.000000
0.000000
0.005556
0.000000
1
2
1
998
3
0.200000
0.000000
0.000000
3
0.005556
0.000000
5
2
0
994
3
0.200000
0.000000
0.000000
0.008333
0.000000
3
1
0
996
3
0.200000
0.000000
0.000000
0.005556
0.000000
3
2
0
996
3
0.200000
0.000000
0.000000
996
1436
2
708
0.000000
3
0.000000
0.000000
0.000000
0
0.000000
0
0
1
0.954853
0.522881
1.000000
1431
1
5
1183
0
0
18446744073709551615
1438
2
709
0.000000
3
0.000000
0.000000
0.000000
0
0.000000
0
0
1
0.954853
0.522881
1.000000
1433
1
0
1183
0
0
18446744073709551615
1635
2
808
0.000000
3
0.000000
0.000000
0.000000
0
0.000000
0
0
1
0.954853
0.522881
1.000000
1294
1
9
1296
0
0
18446744073709551615
0.000000
0
0.200000
0.000000
0.000000
0
0
2
21
-1.000000
-1.000000
-1.000000
-1.000000
-1.000000
-1.000000
-1.000000
-1.000000
-1.000000
-1.000000
-1.000000
-1.000000
-1.000000
-1.000000
-1.000000
-1.000000
-1.000000
-1.000000
-1.000000
0.000000
0.000000
0
7
12
281
311
590
616
963
1293
9
18446744073709551615
0.200000
1
21
-1.000000
-1.000000
-1.000000
-1.000000
-1.000000
-1.000000
-1.000000
-1.000000
-1.000000
-1.000000
-1.000000
-1.000000
-1.000000
-1.000000
-1.000000
-1.000000
-1.000000
-1.000000
-1.000000
0.000000
2.000000
0
5
77
388
759
1088
1430
5
18446744073709551615
0.200000
1
0.000000
1
0.000000
0.000000
0.000000
0
0
1
21
-1.000000
1.000000
-1.000000
3.000000
-1.000000
3.000000
-1.000000
3.000000
-1.000000
3.000000
-1.000000
3.000000
-1.000000
3.000000
-1.000000
3.000000
-1.000000
3.000000
1.000000
2.000000
-1.000000
0
1
1180
18446744073709551615
18446744073709551615
0.100000
1
0.000000
2
0.300000
0.000000
0.000000
0
0
1
21
-1.000000
1.000000
-1.000000
-1.000000
-1.000000
-1.000000
-1.000000
-1.000000
-1.000000
-1.000000
-1.000000
-1.000000
-1.000000
-1.000000
-1.000000
-1.000000
-1.000000
-1.000000
-1.000000
2.000000
-1.000000
0
1
1180
0
18446744073709551615
0.300000
1
1
1
2.000000
0.000000
2.000000
0.000000
2.000000
0.000000
2.000000
0.000000
2.000000
0.000000
2.000000
0.000000
2.000000
0.000000
2.000000
0.000000
2.000000
0.000000
0.000000
0.000000
0.000000
12
0.000000
1
2.000000
0.000000
2.000000
0.000000
2.000000
0.000000
2.000000
0.000000
2.000000
0.000000
2.000000
0.000000
2.000000
0.000000
2.000000
0.000000
2.000000
0.000000
0.000000
0.000000
2.000000
77
4.000000
1
2.000000
0.000000
2.000000
0.000000
2.000000
0.000000
2.000000
0.000000
2.000000
0.000000
2.000000
0.000000
2.000000
0.000000
2.000000
0.000000
2.000000
0.000000
0.000000
1.000000
0.000000
80
5.000000
1
2.000000
0.000000
2.000000
0.000000
2.000000
0.000000
2.000000
0.000000
2.000000
0.000000
2.000000
0.000000
2.000000
0.000000
2.000000
0.000000
2.000000
0.000000
0.000000
1.000000
3.000000
143
9.000000
1
2.000000
3.000000
2.000000
0.000000
2.000000
0.000000
2.000000
0.000000
2.000000
0.000000
2.000000
0.000000
2.000000
0.000000
2.000000
0.000000
2.000000
0.000000
0.000000
1.000000
0.000000
146
18.000000
1
2.000000
3.000000
2.000000
0.000000
2.000000
0.000000
2.000000
0.000000
2.000000
0.000000
2.000000
0.000000
2.000000
0.000000
2.000000
0.000000
2.000000
0.000000
3.000000
1.000000
0.000000
149
9.000000
1
2.000000
0.000000
2.000000
0.000000
2.000000
0.000000
2.000000
0.000000
2.000000
0.000000
2.000000
0.000000
2.000000
0.000000
2.000000
3.000000
2.000000
0.000000
3.000000
1.000000
0.000000
152
18.000000
1
2.000000
0.000000
2.000000
0.000000
2.000000
0.000000
2.000000
0.000000
2.000000
0.000000
2.000000
0.000000
2.000000
0.000000
2.000000
3.000000
2.000000
0.000000
3.000000
1.000000
3.000000
225
9.000000
1
2.000000
3.000000
2.000000
0.000000
2.000000
0.000000
2.000000
0.000000
2.000000
0.000000
2.000000
0.000000
2.000000
0.000000
2.000000
3.000000
2.000000
0.000000
3.000000
1.000000
0.000000
228
18.000000
1
2.000000
3.000000
2.000000
3.000000
2.000000
0.000000
2.000000
0.000000
2.000000
0.000000
2.000000
0.000000
2.000000
0.000000
2.000000
0.000000
2.000000
0.000000
1.000000
1.000000
0.000000
231
22.000000
1
2.000000
0.000000
2.000000
0.000000
2.000000
0.000000
2.000000
0.000000
2.000000
0.000000
2.000000
0.000000
2.000000
0.000000
2.000000
3.000000
2.000000
3.000000
1.000000
1.000000
0.000000
234
36.000000
1
2.000000
0.000000
2.000000
0.000000
2.000000
0.000000
2.000000
0.000000
2.000000
0.000000
2.000000
0.000000
2.000000
0.000000
2.000000
3.000000
2.000000
3.000000
1.000000
0.000000
0.000000
281
1.000000
1
2.000000
0.000000
2.000000
0.000000
2.000000
0.000000
2.000000
0.000000
2.000000
0.000000
2.000000
0.000000
2.000000
0.000000
2.000000
3.000000
2.000000
3.000000
1.000000
0.000000
3.000000
308
9.000000
1
2.000000
3.000000
2.000000
0.000000
2.000000
0.000000
2.000000
0.000000
2.000000
0.000000
2.000000
0.000000
2.000000
0.000000
2.000000
3.000000
2.000000
3.000000
1.000000
0.000000
0.000000
311
18.000000
1
2.000000
3.000000
2.000000
0.000000
2.000000
0.000000
2.000000
0.000000
2.000000
0.000000
2.000000
0.000000
2.000000
0.000000
2.000000
3.000000
2.000000
3.000000
1.000000
0.000000
2.000000
388
4.000000
1
2.000000
3.000000
2.000000
0.000000
2.000000
0.000000
2.000000
0.000000
2.000000
0.000000
2.000000
0.000000
2.000000
0.000000
2.000000
3.000000
2.000000
3.000000
1.000000
1.000000
0.000000
391
5.000000
1
2.000000
0.000000
2.000000
0.000000
2.000000
0.000000
2.000000
0.000000
2.000000
0.000000
2.000000
0.000000
2.000000
0.000000
2.000000
3.000000
2.000000
0.000000
1.000000
1.000000
0.000000
394
18.000000
1
2.000000
0.000000
2.000000
0.000000
2.000000
0.000000
2.000000
0.000000
2.000000
0.000000
2.000000
0.000000
2.000000
0.000000
2.000000
3.000000
2.000000
0.000000
1.000000
1.000000
3.000000
462
9.000000
1
2.000000
3.000000
2.000000
0.000000
2.000000
0.000000
2.000000
0.000000
2.000000
0.000000
2.000000
0.000000
2.000000
0.000000
2.000000
3.000000
2.000000
0.000000
1.000000
1.000000
0.000000
465
18.000000
1
2.000000
3.000000
2.000000
3.000000
2.000000
0.000000
2.000000
0.000000
2.000000
0.000000
2.000000
0.000000
2.000000
0.000000
2.000000
0.000000
2.000000
0.000000
2.000000
1.000000
0.000000
468
19.000000
1
2.000000
0.000000
2.000000
0.000000
2.000000
0.000000
2.000000
0.000000
2.000000
0.000000
2.000000
0.000000
2.000000
0.000000
2.000000
3.000000
2.000000
3.000000
2.000000
1.000000
0.000000
471
36.000000
1
2.000000
0.000000
2.000000
0.000000
2.000000
0.000000
2.000000
0.000000
2.000000
0.000000
2.000000
0.000000
2.000000
0.000000
2.000000
3.000000
2.000000
3.000000
2.000000
0.000000
0.000000
590
1.000000
1
2.000000
0.000000
2.000000
0.000000
2.000000
0.000000
2.000000
0.000000
2.000000
0.000000
2.000000
0.000000
2.000000
0.000000
2.000000
3.000000
2.000000
3.000000
2.000000
0.000000
3.000000
613
9.000000
1
2.000000
3.000000
2.000000
0.000000
2.000000
0.000000
2.000000
0.000000
2.000000
0.000000
2.000000
0.000000
2.000000
0.000000
2.000000
3.000000
2.000000
3.000000
2.000000
0.000000
0.000000
616
18.000000
1
2.000000
3.000000
2.000000
0.000000
2.000000
0.000000
2.000000
0.000000
2.000000
0.000000
2.000000
0.000000
2.000000
0.000000
2.000000
3.000000
2.000000
3.000000
2.000000
0.000000
2.000000
759
4.000000
1
2.000000
3.000000
2.000000
0.000000
2.000000
0.000000
2.000000
0.000000
2.000000
0.000000
2.000000
0.000000
2.000000
0.000000
2.000000
3.000000
2.000000
3.000000
2.000000
1.000000
0.000000
762
5.000000
1
2.000000
0.000000
2.000000
0.000000
2.000000
0.000000
2.000000
0.000000
2.000000
0.000000
2.000000
0.000000
2.000000
0.000000
2.000000
3.000000
2.000000
0.000000
2.000000
1.000000
0.000000
765
18.000000
1
2.000000
0.000000
2.000000
0.000000
2.000000
0.000000
2.000000
0.000000
2.000000
0.000000
2.000000
0.000000
2.000000
0.000000
2.000000
3.000000
2.000000
0.000000
2.000000
1.000000
3.000000
832
9.000000
1
2.000000
3.000000
2.000000
0.000000
2.000000
0.000000
2.000000
0.000000
2.000000
0.000000
2.000000
0.000000
2.000000
0.000000
2.000000
3.000000
2.000000
0.000000
2.000000
1.000000
0.000000
835
18.000000
1
2.000000
3.000000
2.000000
3.000000
2.000000
0.000000
2.000000
0.000000
2.000000
0.000000
2.000000
0.000000
2.000000
0.000000
2.000000
0.000000
2.000000
0.000000
0.000000
1.000000
0.000000
838
22.000000
1
2.000000
0.000000
2.000000
0.000000
2.000000
3.000000
2.000000
0.000000
2.000000
0.000000
2.000000
0.000000
2.000000
0.000000
2.000000
3.000000
2.000000
3.000000
0.000000
1.000000
0.000000
841
45.000000
1
2.000000
0.000000
2.000000
0.000000
2.000000
3.000000
2.000000
0.000000
2.000000
0.000000
2.000000
0.000000
2.000000
0.000000
2.000000
3.000000
2.000000
3.000000
0.000000
1.000000
3.000000
920
9.000000
1
2.000000
3.000000
2.000000
0.000000
2.000000
3.000000
2.000000
0.000000
2.000000
0.000000
2.000000
0.000000
2.000000
0.000000
2.000000
3.000000
2.000000
3.000000
0.000000
1.000000
0.000000
923
18.000000
1
2.000000
0.000000
2.000000
3.000000
2.000000
0.000000
2.000000
0.000000
2.000000
0.000000
2.000000
0.000000
2.000000
0.000000
2.000000
3.000000
2.000000
0.000000
0.000000
1.000000
0.000000
926
36.000000
1
2.000000
0.000000
2.000000
3.000000
2.000000
0.000000
2.000000
0.000000
2.000000
0.000000
2.000000
0.000000
2.000000
0.000000
2.000000
3.000000
2.000000
0.000000
0.000000
0.000000
0.000000
963
1.000000
1
2.000000
0.000000
2.000000
3.000000
2.000000
0.000000
2.000000
0.000000
2.000000
0.000000
2.000000
0.000000
2.000000
0.000000
2.000000
3.000000
2.000000
0.000000
0.000000
0.000000
2.000000
1088
4.000000
1
2.000000
0.000000
2.000000
3.000000
2.000000
0.000000
2.000000
0.000000
2.000000
0.000000
2.000000
0.000000
2.000000
0.000000
2.000000
3.000000
2.000000
0.000000
0.000000
1.000000
3.000000
1162
2.000000
1
2.000000
3.000000
2.000000
3.000000
2.000000
0.000000
2.000000
0.000000
2.000000
0.000000
2.000000
0.000000
2.000000
0.000000
2.000000
3.000000
2.000000
0.000000
0.000000
1.000000
0.000000
1165
18.000000
1
2.000000
3.000000
2.000000
3.000000
2.000000
0.000000
2.000000
3.000000
2.000000
0.000000
2.000000
0.000000
2.000000
0.000000
2.000000
0.000000
2.000000
0.000000
3.000000
1.000000
0.000000
1168
27.000000
1
2.000000
3.000000
2.000000
0.000000
2.000000
3.000000
2.000000
3.000000
2.000000
0.000000
2.000000
0.000000
2.000000
0.000000
2.000000
3.000000
2.000000
3.000000
3.000000
1.000000
0.000000
1171
36.000000
1
2.000000
3.000000
2.000000
3.000000
2.000000
3.000000
2.000000
0.000000
2.000000
3.000000
2.000000
3.000000
2.000000
0.000000
2.000000
0.000000
2.000000
0.000000
1.000000
1.000000
0.000000
1174
58.000000
1
2.000000
0.000000
2.000000
3.000000
2.000000
3.000000
2.000000
3.000000
2.000000
3.000000
2.000000
3.000000
2.000000
3.000000
2.000000
3.000000
2.000000
3.000000
1.000000
1.000000
0.000000
1177
45.000000
1
2.000000
1.000000
2.000000
3.000000
2.000000
3.000000
2.000000
3.000000
2.000000
3.000000
2.000000
3.000000
2.000000
3.000000
2.000000
3.000000
2.000000
3.000000
1.000000
2.000000
0.000000
1180
2.000000
1
2.000000
1.000000
2.000000
3.000000
2.000000
3.000000
2.000000
3.000000
2.000000
3.000000
2.000000
3.000000
2.000000
3.000000
2.000000
3.000000
2.000000
3.000000
1.000000
0.000000
0.000000
1293
4.000000
1
2.000000
1.000000
2.000000
3.000000
2.000000
3.000000
2.000000
3.000000
2.000000
3.000000
2.000000
3.000000
2.000000
3.000000
2.000000
3.000000
2.000000
3.000000
1.000000
0.000000
2.000000
1430
4.000000
0
-1
-1
