11
"@(#) Mona format 11"
0.050000
0.950000
0.000000
0.000000
0.100000
0.900000
0.100000
0.000000
5
50
10.000000
2
3
500
0
2
3
0.000000
0
2
0
3
1
2
3
0.545455
0.272727
0.181818
1
12
11
3
11
2
0
12
1
1
1
1
1
1
1
1
1
1
1
1
0.000000
0
1
1
1
12
0
0
0
0
0
0
0
0
0
0
1
1
0.000000
1
0
0
273
3283493135
863268988
863179798
247504077
833291355
1542559963
2756705936
2366838336
551120323
2740024560
3476198614
2541005874
2161830485
2698596810
3170858114
1376864585
2017110469
2853077491
3758819302
1930959733
2734930616
2355556243
1991693303
420817488
2747347390
453266292
2321662285
1145649688
1389449612
415944183
3773076163
2865703160
3007228474
1877554547
266475746
4083523886
913725305
3156462236
1686871619
3189467671
259447457
3965194266
2386897288
2478254905
1409498079
3080153817
3321748456
3244149261
2173258614
2263488988
2977632825
571601672
779352725
812107968
3303854841
391831060
3236487755
798078152
4044141395
3037209284
2429245173
1749097872
3788072754
3775962477
2730639342
4292456813
674344059
2209590818
2497483244
794226774
1479135869
570769417
3970447921
613625063
995556169
1588999254
1625706685
905321495
3999390951
3374319064
3494210482
3624392438
654290598
1311401479
1023807645
325637412
2309909739
322458749
1956855145
1974799684
3919550076
3437126288
2182584014
140086587
2053290670
2228561765
1531452082
3779275944
3463081223
1997698406
2889522087
1022984431
1278143991
2675388104
579175185
1740853635
2877457576
1591151124
3163924605
3400984999
4127265585
1159072762
1082516391
3130276955
2136864909
3959422311
3057098515
1226377518
1159708011
2151805432
983905622
1292886958
79714415
427076048
3247902478
1264627174
3408666670
3326820782
2354582424
934168651
817872019
1479277425
1373398951
2682252375
4176379568
2726426392
3211256123
3013361214
208789708
630659020
1679187861
1760954604
3739018050
257395268
2095993319
3416890380
4156403151
1113369804
1207505953
1074083592
4269718540
426996937
4134511918
2011546802
2968811442
2556291439
2029227492
2900725920
833555792
3409029688
3599224962
3130247827
2735237798
1021404074
392304731
4102879002
1882230388
3471451733
1418311835
1282692216
1154506416
3653671916
1204590921
456114191
2240073004
1363676691
2264304377
1089642992
388260681
1281939581
4249475582
31250712
3162807303
1712648577
1156695429
3972371721
1310144132
2451992524
434466472
2222226112
3306135899
2994347941
4059307129
1168134581
780184272
4026017277
3574989219
2800578917
3746998086
573167514
910604102
3328753339
2455313670
1190101918
1420874760
3990163424
2674231386
3226665597
4134954876
3055576788
1135914004
2061863562
3267218521
1265459394
4169234006
1738465288
1159647085
1498341450
3837385891
3220400036
2724573675
3702958742
1787193868
745526327
2900257232
286601260
4124941061
2328220853
3369101294
3849104324
2708087607
721825966
3313191605
4284150284
989976187
2197553424
2684648308
757041717
2759922384
4181215078
3258961635
2151071276
676194572
1780561644
1606655245
1969006244
3378051284
651941693
763834312
3654919352
4116177930
645863637
3315512559
1275569916
2559761142
767118513
519426608
3976693919
3436203381
3739576013
2291575072
2619552179
526604364
3369440422
1144442164
2502219243
2817740285
1273525214
2312846942
2872755014
3933797968
908455929
3701109372
3847022124
2610724910
370810908
3548715858
3273103342
3915856754
3865627691
3399772258
3278460665
1822877823
3567657355
1890823451
4015612098
2513997627
908058536
3606332312
1319468655
615718482
3719018864
3207365484
710357679
2814282949
262039262
978033660
371246942
3308664528
170290713
4190463506
2073424165
1223170388
1815277221
517778617
6406189
2702063890
2247244498
2267702419
1122561778
1031023776
2588569563
2798889035
3861540739
3276163127
577568903
1999904806
3038847563
249769319
2846396242
1747258524
373981986
857012538
1662495004
3792144704
4182636119
1358496146
315919376
4121961653
3092866296
943457169
3934085274
3420766758
1181690536
962744501
718900860
1258444198
1470725200
688055625
940646660
2674305712
3655444807
982726404
288136334
3708783380
2975661502
671386240
1013644554
183791555
3916945899
3250421789
2266816645
3613002786
3249886010
3430974539
1342020775
1342373442
3028624716
2572289718
600178657
1414652836
3619177614
1269104616
1048453586
385179833
1240184741
610984737
3083443703
3634326705
1187624915
1042894731
2034249867
3261581111
476037854
3743981619
1878390952
118185485
1239395313
4241796264
1372998379
2728110692
1173630766
2316816169
2986855884
898045648
1393560230
832663226
2574125284
2943597158
3186900200
3962019276
550258013
332273830
2697749761
3416471462
3855414861
2355909631
216743580
148606634
1586712920
3735842791
2171148082
2333185338
3812026592
2092642475
2686824874
1615814529
2384945467
3484331537
1273648985
2975855876
545239000
502947822
62176947
2743561
1355840689
1770571426
3856111285
1831273965
1932632787
4134324374
3560169989
3914553808
2034875079
1211028094
2646977677
4159030530
2087674380
2259564658
1358095274
732473023
2514091127
2427696675
2426872376
2493100410
3365652976
3687357551
2094994996
2724387906
1121822624
3739370450
2685246632
3232742895
1034354699
2540191298
1167305222
2250013774
2873583712
1121648217
3789596998
3788123557
669508053
2756638844
4253662520
918373573
2982736793
2076996215
932040122
3601604256
3020500771
2966745385
414805494
3380149519
2661929591
1660103327
2216702211
223790017
109534074
1313618608
3729865648
2463497307
1243168778
2252607525
3563416548
2587599260
3978877701
435858449
1901682832
1694143181
2469974343
3144915408
4198462190
3310656870
3566239727
2627358351
2434197313
920291712
507238718
484009626
2421805823
1021391922
75145224
2365889509
3496940487
3939367052
332430246
247271639
1122605555
2185367550
461157152
2364243238
1590823579
3815523244
1236117934
1657129404
3589370334
4134931238
3961100123
3345113610
3675091288
1662215477
809112175
619962351
2361367966
2130481560
3850326252
2122244981
2703239929
3091156572
2793784970
726580127
3347065560
1077745223
1187278698
3510930091
2248733157
4003154145
3400813581
3365866128
2329868458
3642339542
1816793328
1969697654
3231500331
452059249
539860865
342401050
589976052
1698030515
4141059458
132736992
805810160
2395687064
456790666
3874194071
2130944337
278329460
890120381
2189172847
2625679071
508175313
583388331
2026813548
81907525
3467844847
1109061813
1721708489
1842798361
1782028398
3899885261
1246236864
728282270
3012364154
4243989509
905020988
2952879741
2732741465
1021492306
3965224073
1067549124
2360262830
3441803955
390467733
901528008
1785506385
4087341218
2336777332
1797946811
1773641362
1640688018
1895559344
3494342578
2133352627
617350284
681216696
3772444335
2178908323
3741752372
127360764
4294307358
3235334497
3561648132
525057793
4071531758
1443391693
107331241
394253339
3490653655
765981944
1651620782
1617444830
1689633788
1493656895
3473752284
2178705994
767519492
1829687798
3147038720
2631533300
3716440562
3179534647
712399564
996711719
510249036
2709333610
620976338
2024900155
177812827
1080300285
3913844109
2031044405
3688073406
2626743261
884994983
1.000000
3.000000
3.000000
3.000000
3.000000
3.000000
3.000000
3.000000
3.000000
1.000000
1.000000
0.000000
0
1000
6
1378
1.000000
998
998
1.000000
3
0.000000
0.200000
0.000000
1379
1.000000
998
998
1.000000
3
0.000000
0.200000
0.000000
0
1.000000
998
998
1.000000
3
0.000000
0.200000
0.000000
1378
1.000000
999
999
1.000000
3
0.000000
0.200000
0.000000
1379
1.000000
999
999
1.000000
3
0.000000
0.200000
0.000000
0
1.000000
999
999
1.000000
3
0.000000
0.200000
0.000000
48
11
0
0
0.000000
3
0.000000
0.000000
0.000000
0
0.000000
0
3
13
2
13
0
85
0
0
0.000000
0.000000
0.000000
0.000000
0.000000
0.000000
0.000000
0.000000
0.000000
0.000000
2.000000
0.000000
0
1
12
12
0
0
0.000000
3
0.000000
0.000000
0.000000
0
0.000000
0
5
14
2
158
2
1417
2
14
0
86
0
1
0.000000
0.000000
0.000000
0.000000
0.000000
0.000000
0.000000
0.000000
0.000000
0.000000
2.000000
0.000000
5
11
157
485
1114
1416
0
83
0
36
0.000000
3
0.000000
0.000000
0.000000
0
0.000000
0
2
85
2
89
0
0
0.000000
0.000000
0.000000
0.000000
0.000000
0.000000
0.000000
0.000000
0.000000
0.000000
2.000000
2.000000
0
1
84
84
0
36
0.000000
3
0.000000
0.000000
0.300000
0
0.000000
0
3
86
2
1489
0
90
0
1
0.000000
0.000000
0.000000
0.000000
0.000000
0.000000
0.000000
0.000000
0.000000
0.000000
2.000000
2.000000
5
83
230
654
1279
1485
0
87
0
37
0.000000
3
0.000000
0.000000
0.000000
0
0.000000
0
4
89
2
91
2
91
0
155
0
0
0.000000
0.000000
0.000000
0.000000
0.000000
0.000000
0.000000
0.000000
0.000000
0.000000
0.000000
0.000000
0
1
88
88
0
37
0.000000
3
0.000000
0.000000
0.000000
0
0.000000
0
11
90
2
92
2
237
2
240
2
320
2
322
2
240
0
92
0
237
0
156
0
1381
0
1
0.000000
0.000000
0.000000
0.000000
0.000000
0.000000
0.000000
0.000000
0.000000
0.000000
0.000000
0.000000
24
87
233
236
239
319
323
326
408
411
657
660
663
805
808
880
883
886
1282
1285
1363
1366
1369
1372
1375
0
153
0
69
0.000000
3
0.000000
0.000000
0.000000
0
0.000000
0
2
155
2
159
0
0
0.000000
0.000000
0.000000
0.000000
0.000000
0.000000
0.000000
0.000000
0.000000
0.000000
0.000000
3.000000
0
1
154
154
0
69
0.000000
3
0.000000
0.000000
0.000000
0
0.000000
0
3
156
2
158
0
320
0
1
0.000000
0.000000
0.000000
0.000000
0.000000
0.000000
0.000000
0.000000
0.000000
0.000000
0.000000
3.000000
8
153
316
405
482
802
877
1111
1360
0
157
0
70
0.000000
3
0.000000
0.000000
0.000000
0
0.000000
0
4
159
2
161
2
161
0
232
0
0
3.000000
0.000000
0.000000
0.000000
0.000000
0.000000
0.000000
0.000000
0.000000
0.000000
2.000000
0.000000
0
1
12
230
0
106
0.000000
3
0.000000
0.000000
0.000000
0
0.000000
0
2
232
2
235
0
0
3.000000
0.000000
0.000000
0.000000
0.000000
0.000000
0.000000
0.000000
0.000000
0.000000
2.000000
2.000000
0
1
84
233
0
107
0.000000
3
0.000000
0.000000
0.000000
0
0.000000
0
2
235
2
238
0
0
3.000000
0.000000
0.000000
0.000000
0.000000
0.000000
0.000000
0.000000
0.000000
0.000000
0.000000
0.000000
0
1
88
236
0
108
0.000000
3
0.000000
0.000000
0.000000
0
0.000000
0
2
238
2
241
0
0
3.000000
0.000000
0.000000
0.000000
0.000000
0.000000
0.000000
0.000000
0.000000
3.000000
0.000000
0.000000
0
1
88
239
0
109
0.000000
3
0.000000
0.000000
0.000000
0
0.000000
0
5
241
2
243
2
243
0
318
0
322
0
0
0.000000
0.000000
0.000000
0.000000
0.000000
0.000000
0.000000
3.000000
0.000000
3.000000
0.000000
0.000000
0
1
88
316
0
147
0.000000
3
0.000000
0.000000
0.000000
0
0.000000
0
2
318
2
321
0
0
0.000000
0.000000
0.000000
0.000000
0.000000
0.000000
0.000000
3.000000
0.000000
3.000000
0.000000
3.000000
0
1
154
319
0
148
0.000000
3
0.000000
0.000000
0.000000
0
0.000000
0
2
321
2
325
0
0
3.000000
0.000000
0.000000
0.000000
0.000000
0.000000
0.000000
3.000000
0.000000
3.000000
0.000000
0.000000
0
1
88
323
0
149
0.000000
3
0.000000
0.000000
0.000000
0
0.000000
0
2
325
2
328
0
0
3.000000
3.000000
0.000000
0.000000
0.000000
0.000000
0.000000
0.000000
0.000000
1.000000
0.000000
0.000000
0
1
88
326
0
150
0.000000
3
0.000000
0.000000
0.000000
0
0.000000
0
4
328
2
330
2
330
0
407
0
0
0.000000
0.000000
0.000000
0.000000
0.000000
0.000000
0.000000
3.000000
3.000000
1.000000
0.000000
0.000000
0
1
88
405
0
189
0.000000
3
0.000000
0.000000
0.000000
0
0.000000
0
2
407
2
410
0
0
0.000000
0.000000
0.000000
0.000000
0.000000
0.000000
0.000000
3.000000
3.000000
1.000000
0.000000
3.000000
0
1
154
408
0
190
0.000000
3
0.000000
0.000000
0.000000
0
0.000000
0
2
410
2
413
0
0
3.000000
0.000000
0.000000
0.000000
0.000000
0.000000
0.000000
3.000000
3.000000
1.000000
0.000000
0.000000
0
1
88
411
0
191
0.000000
3
0.000000
0.000000
0.000000
0
0.000000
0
4
413
2
415
2
415
0
484
0
0
0.000000
0.000000
0.000000
0.000000
0.000000
0.000000
0.000000
3.000000
0.000000
1.000000
0.000000
0.000000
0
1
88
482
0
226
0.000000
3
0.000000
0.000000
0.000000
0
0.000000
0
2
484
2
487
0
0
0.000000
0.000000
0.000000
0.000000
0.000000
0.000000
0.000000
3.000000
0.000000
1.000000
0.000000
3.000000
0
1
154
485
0
227
0.000000
3
0.000000
0.000000
0.000000
0
0.000000
0
4
487
2
489
2
489
0
656
0
0
3.000000
0.000000
0.000000
0.000000
0.000000
0.000000
0.000000
3.000000
0.000000
1.000000
2.000000
0.000000
0
1
12
654
0
311
0.000000
3
0.000000
0.000000
0.000000
0
0.000000
0
2
656
2
659
0
0
3.000000
0.000000
0.000000
0.000000
0.000000
0.000000
0.000000
3.000000
0.000000
1.000000
2.000000
2.000000
0
1
84
657
0
312
0.000000
3
0.000000
0.000000
0.000000
0
0.000000
0
2
659
2
662
0
0
3.000000
0.000000
0.000000
0.000000
0.000000
0.000000
0.000000
3.000000
0.000000
1.000000
0.000000
0.000000
0
1
88
660
0
313
0.000000
3
0.000000
0.000000
0.000000
0
0.000000
0
2
662
2
665
0
0
3.000000
3.000000
0.000000
0.000000
0.000000
0.000000
0.000000
0.000000
0.000000
2.000000
0.000000
0.000000
0
1
88
663
0
314
0.000000
3
0.000000
0.000000
0.000000
0
0.000000
0
4
665
2
667
2
667
0
804
0
0
0.000000
0.000000
0.000000
0.000000
0.000000
0.000000
0.000000
3.000000
3.000000
2.000000
0.000000
0.000000
0
1
88
802
0
383
0.000000
3
0.000000
0.000000
0.000000
0
0.000000
0
2
804
2
807
0
0
0.000000
0.000000
0.000000
0.000000
0.000000
0.000000
0.000000
3.000000
3.000000
2.000000
0.000000
3.000000
0
1
154
805
0
384
0.000000
3
0.000000
0.000000
0.000000
0
0.000000
0
2
807
2
810
0
0
3.000000
0.000000
0.000000
0.000000
0.000000
0.000000
0.000000
3.000000
3.000000
2.000000
0.000000
0.000000
0
1
88
808
0
385
0.000000
3
0.000000
0.000000
0.000000
0
0.000000
0
4
810
2
812
2
812
0
879
0
0
0.000000
0.000000
0.000000
0.000000
0.000000
0.000000
0.000000
3.000000
0.000000
2.000000
0.000000
0.000000
0
1
88
877
0
419
0.000000
3
0.000000
0.000000
0.000000
0
0.000000
0
2
879
2
882
0
0
0.000000
0.000000
0.000000
0.000000
0.000000
0.000000
0.000000
3.000000
0.000000
2.000000
0.000000
3.000000
0
1
154
880
0
420
0.000000
3
0.000000
0.000000
0.000000
0
0.000000
0
2
882
2
885
0
0
3.000000
0.000000
0.000000
0.000000
0.000000
0.000000
0.000000
3.000000
0.000000
2.000000
0.000000
0.000000
0
1
88
883
0
421
0.000000
3
0.000000
0.000000
0.000000
0
0.000000
0
2
885
2
888
0
0
3.000000
3.000000
0.000000
0.000000
0.000000
0.000000
0.000000
0.000000
0.000000
0.000000
0.000000
0.000000
0
1
88
886
0
422
0.000000
3
0.000000
0.000000
0.000000
0
0.000000
0
4
888
2
890
2
890
0
1113
0
0
0.000000
0.000000
3.000000
0.000000
0.000000
0.000000
0.000000
3.000000
3.000000
0.000000
0.000000
0.000000
0
1
88
1111
0
534
0.000000
3
0.000000
0.000000
0.000000
0
0.000000
0
2
1113
2
1116
0
0
0.000000
0.000000
3.000000
0.000000
0.000000
0.000000
0.000000
3.000000
3.000000
0.000000
0.000000
3.000000
0
1
154
1114
0
535
0.000000
3
0.000000
0.000000
0.000000
0
0.000000
0
4
1116
2
1118
2
1118
0
1281
0
0
3.000000
0.000000
3.000000
0.000000
0.000000
0.000000
0.000000
3.000000
3.000000
0.000000
2.000000
0.000000
0
1
12
1279
0
617
0.000000
3
0.000000
0.000000
0.000000
0
0.000000
0
2
1281
2
1284
0
0
3.000000
0.000000
3.000000
0.000000
0.000000
0.000000
0.000000
3.000000
3.000000
0.000000
2.000000
2.000000
0
1
84
1282
0
618
0.000000
3
0.000000
0.000000
0.000000
0
0.000000
0
2
1284
2
1287
0
0
3.000000
0.000000
3.000000
0.000000
0.000000
0.000000
0.000000
3.000000
3.000000
0.000000
0.000000
0.000000
0
1
88
1285
0
619
0.000000
3
0.000000
0.000000
0.000000
0
0.000000
0
4
1287
2
1289
2
1289
0
1362
0
0
0.000000
3.000000
0.000000
0.000000
0.000000
0.000000
0.000000
3.000000
0.000000
0.000000
0.000000
0.000000
0
1
88
1360
0
656
0.000000
3
0.000000
0.000000
0.000000
0
0.000000
0
2
1362
2
1365
0
0
0.000000
3.000000
0.000000
0.000000
0.000000
0.000000
0.000000
3.000000
0.000000
0.000000
0.000000
3.000000
0
1
154
1363
0
657
0.000000
3
0.000000
0.000000
0.000000
0
0.000000
0
2
1365
2
1368
0
0
3.000000
3.000000
0.000000
0.000000
0.000000
0.000000
0.000000
3.000000
0.000000
0.000000
0.000000
0.000000
0
1
88
1366
0
658
0.000000
3
0.000000
0.000000
0.000000
0
0.000000
0
2
1368
2
1371
0
0
3.000000
3.000000
0.000000
3.000000
0.000000
0.000000
0.000000
0.000000
0.000000
3.000000
0.000000
0.000000
0
1
88
1369
0
659
0.000000
3
0.000000
0.000000
0.000000
0
0.000000
0
2
1371
2
1374
0
0
3.000000
0.000000
3.000000
3.000000
0.000000
0.000000
0.000000
3.000000
3.000000
3.000000
0.000000
0.000000
0
1
88
1372
0
660
0.000000
3
0.000000
0.000000
0.000000
0
0.000000
0
2
1374
2
1377
0
0
3.000000
3.000000
3.000000
0.000000
3.000000
3.000000
0.000000
0.000000
0.000000
1.000000
0.000000
0.000000
0
1
88
1375
0
661
0.000000
3
0.000000
0.000000
0.000000
0
0.000000
0
2
1377
2
1380
0
0
0.000000
3.000000
3.000000
3.000000
3.000000
3.000000
3.000000
3.000000
3.000000
1.000000
0.000000
0.000000
0
1
88
1378
0
662
1.000000
3
0.100000
0.200000
0.000000
0
0.000000
0
5
1380
2
1382
2
1488
2
1382
0
1418
0
0
1.000000
3.000000
3.000000
3.000000
3.000000
3.000000
3.000000
3.000000
3.000000
1.000000
1.000000
0.000000
0
1
1379
1379
0
662
1.000000
3
0.000000
0.000000
0.000000
0
0.000000
0
5
1381
2
1383
2
1489
2
1383
0
1417
0
1
0.000000
0.000000
0.000000
0.000000
0.000000
0.000000
0.000000
0.000000
0.000000
0.000000
1.000000
0.000000
1
1378
0
1416
0
680
0.000000
3
0.000000
0.000000
0.000000
0
0.000000
0
4
1418
2
1420
2
1420
0
1487
0
0
1.000000
3.000000
3.000000
3.000000
3.000000
3.000000
3.000000
3.000000
3.000000
1.000000
2.000000
0.000000
0
1
12
1485
0
714
0.000000
3
0.000000
0.000000
0.000000
0
0.000000
0
2
1487
2
1488
0
0
1.000000
3.000000
3.000000
3.000000
3.000000
3.000000
3.000000
3.000000
3.000000
1.000000
2.000000
2.000000
0
1
84
11
0
1
0
1.000000
3
0.000000
0.000000
0.000000
0
0.066667
0
4
1382
1
1383
1
1417
1
1418
1
0
-1
-1
-1
1
1
0
0.000000
3
0.000000
0.000000
0.000000
0
0.000000
0
10
240
1
241
1
328
1
413
1
665
1
810
1
888
1
1287
1
1371
1
1377
1
1
-1
-1
-1
2
1
0
0.000000
3
0.000000
0.000000
0.000000
0
0.000000
0
0
2
-1
-1
-1
3
1
0
0.000000
3
0.000000
0.000000
0.000000
0
0.000000
0
7
237
1
238
1
325
1
662
1
885
1
1368
1
1374
1
3
-1
-1
-1
4
1
0
0.000000
3
0.000000
0.000000
0.000000
0
0.000000
0
7
89
1
90
1
235
1
659
1
1284
1
1488
1
1489
1
4
-1
-1
-1
5
1
0
0.000000
3
0.000000
0.000000
0.000000
0
0.000000
0
0
5
-1
-1
-1
6
1
0
0.000000
3
0.000000
0.000000
0.000000
0
0.000000
0
10
158
1
159
1
320
1
321
1
410
1
487
1
807
1
882
1
1116
1
1365
1
6
-1
-1
-1
7
1
0
0.000000
3
0.000000
0.000000
0.000000
0
0.000000
0
0
7
-1
-1
-1
8
1
0
0.000000
3
0.000000
0.000000
0.000000
0
0.000000
0
12
13
1
14
1
85
1
86
1
161
1
232
1
489
1
656
1
1118
1
1281
1
1420
1
1487
1
8
-1
-1
-1
9
1
0
0.000000
3
0.000000
0.000000
0.000000
0
0.000000
0
19
91
1
92
1
155
1
156
1
243
1
318
1
322
1
330
1
407
1
415
1
484
1
667
1
804
1
812
1
879
1
890
1
1113
1
1289
1
1362
1
9
-1
-1
-1
10
1
0
0.000000
3
0.000000
0.000000
0.000000
0
0.000000
0
2
1380
1
1381
1
10
-1
-1
-1
0
71
13
2
1
0.000000
3
0.000000
0.000000
0.000000
0
0.000000
0
0
0
0.354658
0.882860
33.000000
11
1
8
11
0
0
18446744073709551615
14
2
1
0.000000
3
0.000000
0.000000
0.000000
0
0.000000
0
0
0
0.349332
0.974722
300.000000
12
1
8
12
0
0
18446744073709551615
85
2
36
0.000000
3
0.000000
0.000000
0.000000
0
0.000000
0
0
0
0.950000
0.475000
0.000000
11
1
8
83
0
0
18446744073709551615
86
2
36
0.000000
3
0.000000
0.000000
0.000000
0
0.000000
0
0
0
0.141294
0.237314
5.000000
12
1
8
84
0
0
18446744073709551615
89
2
37
0.000000
3
0.000000
0.000000
0.000000
0
0.000000
0
0
0
0.950000
0.475000
0.000000
83
1
4
87
0
0
18446744073709551615
90
2
37
0.000000
3
0.000000
0.000000
0.000000
0
0.000000
0
0
0
0.144257
0.596980
3.000000
84
1
4
88
0
0
18446744073709551615
91
2
38
0.000000
3
0.000000
0.000000
0.000000
0
0.000000
0
0
0
0.354379
0.870500
29.000000
87
1
9
87
0
0
18446744073709551615
92
2
38
0.000000
3
0.000000
0.000000
0.000000
0
0.000000
0
0
0
0.546658
0.760775
388.272727
88
1
9
88
0
0
18446744073709551615
155
2
69
0.000000
3
0.000000
0.000000
0.000000
0
0.000000
0
0
0
0.950000
0.475000
0.000000
87
1
9
153
0
0
18446744073709551615
156
2
69
0.000000
3
0.000000
0.000000
0.000000
0
0.000000
0
0
0
0.141294
0.276529
7.000000
88
1
9
154
0
0
18446744073709551615
158
2
70
0.000000
3
0.000000
0.000000
0.000000
0
0.000000
0
0
0
0.084894
0.162638
2.000000
154
1
6
12
0
0
18446744073709551615
159
2
70
0.000000
3
0.000000
0.000000
0.000000
0
0.000000
0
0
0
0.950000
0.475000
0.000000
153
1
6
157
0
0
18446744073709551615
161
2
71
0.000000
3
0.000000
0.000000
0.000000
0
0.000000
0
0
0
0.354658
0.882860
33.000000
157
1
8
157
0
0
18446744073709551615
232
2
106
0.000000
3
0.000000
0.000000
0.000000
0
0.000000
0
0
0
0.950000
0.475000
0.000000
157
1
8
230
0
0
18446744073709551615
235
2
107
0.000000
3
0.000000
0.000000
0.000000
0
0.000000
0
0
0
0.950000
0.475000
0.000000
230
1
4
233
0
0
18446744073709551615
237
2
108
0.000000
3
0.000000
0.000000
0.000000
0
0.000000
0
0
0
0.969989
0.651661
5.000000
88
1
3
88
0
0
18446744073709551615
238
2
108
0.000000
3
0.000000
0.000000
0.000000
0
0.000000
0
0
0
0.950000
0.475000
0.000000
233
1
3
236
0
0
18446744073709551615
240
2
109
0.000000
3
0.000000
0.000000
0.000000
0
0.000000
0
0
0
0.977906
0.711175
8.000000
88
1
1
88
0
0
18446744073709551615
241
2
109
0.000000
3
0.000000
0.000000
0.000000
0
0.000000
0
0
0
0.950000
0.475000
0.000000
236
1
1
239
0
0
18446744073709551615
243
2
110
0.000000
3
0.000000
0.000000
0.000000
0
0.000000
0
0
0
0.354760
0.888187
35.000000
239
1
9
239
0
0
18446744073709551615
318
2
147
0.000000
3
0.000000
0.000000
0.000000
0
0.000000
0
0
0
0.950000
0.475000
0.000000
239
1
9
316
0
0
18446744073709551615
320
2
148
0.000000
3
0.000000
0.000000
0.000000
0
0.000000
0
0
0
0.261854
0.273784
4.000000
154
1
6
88
0
0
18446744073709551615
321
2
148
0.000000
3
0.000000
0.000000
0.000000
0
0.000000
0
0
0
0.950000
0.475000
0.000000
316
1
6
319
0
0
18446744073709551615
322
2
148
0.000000
3
0.000000
0.000000
0.000000
0
0.000000
0
0
0
0.950000
0.475000
0.000000
239
1
9
88
0
0
18446744073709551615
325
2
149
0.000000
3
0.000000
0.000000
0.000000
0
0.000000
0
0
0
0.950000
0.475000
0.000000
319
1
3
323
0
0
18446744073709551615
328
2
150
0.000000
3
0.000000
0.000000
0.000000
0
0.000000
0
0
0
0.950000
0.475000
0.000000
323
1
1
326
0
0
18446744073709551615
330
2
151
0.000000
3
0.000000
0.000000
0.000000
0
0.000000
0
0
0
0.354803
0.890671
36.000000
326
1
9
326
0
0
18446744073709551615
407
2
189
0.000000
3
0.000000
0.000000
0.000000
0
0.000000
0
0
0
0.950000
0.475000
0.000000
326
1
9
405
0
0
18446744073709551615
410
2
190
0.000000
3
0.000000
0.000000
0.000000
0
0.000000
0
0
0
0.950000
0.475000
0.000000
405
1
6
408
0
0
18446744073709551615
413
2
191
0.000000
3
0.000000
0.000000
0.000000
0
0.000000
0
0
0
0.950000
0.475000
0.000000
408
1
1
411
0
0
18446744073709551615
415
2
192
0.000000
3
0.000000
0.000000
0.000000
0
0.000000
0
0
0
0.354598
0.879999
32.000000
411
1
9
411
0
0
18446744073709551615
484
2
226
0.000000
3
0.000000
0.000000
0.000000
0
0.000000
0
0
0
0.950000
0.475000
0.000000
411
1
9
482
0
0
18446744073709551615
487
2
227
0.000000
3
0.000000
0.000000
0.000000
0
0.000000
0
0
0
0.950000
0.475000
0.000000
482
1
6
485
0
0
18446744073709551615
489
2
228
0.000000
3
0.000000
0.000000
0.000000
0
0.000000
0
0
0
0.355206
0.945049
81.000000
485
1
8
485
0
0
18446744073709551615
656
2
311
0.000000
3
0.000000
0.000000
0.000000
0
0.000000
0
0
0
0.950000
0.475000
0.000000
485
1
8
654
0
0
18446744073709551615
659
2
312
0.000000
3
0.000000
0.000000
0.000000
0
0.000000
0
0
0
0.950000
0.475000
0.000000
654
1
4
657
0
0
18446744073709551615
662
2
313
0.000000
3
0.000000
0.000000
0.000000
0
0.000000
0
0
0
0.950000
0.475000
0.000000
657
1
3
660
0
0
18446744073709551615
665
2
314
0.000000
3
0.000000
0.000000
0.000000
0
0.000000
0
0
0
0.950000
0.475000
0.000000
660
1
1
663
0
0
18446744073709551615
667
2
315
0.000000
3
0.000000
0.000000
0.000000
0
0.000000
0
0
0
0.355191
0.934181
66.000000
663
1
9
663
0
0
18446744073709551615
804
2
383
0.000000
3
0.000000
0.000000
0.000000
0
0.000000
0
0
0
0.950000
0.475000
0.000000
663
1
9
802
0
0
18446744073709551615
807
2
384
0.000000
3
0.000000
0.000000
0.000000
0
0.000000
0
0
0
0.950000
0.475000
0.000000
802
1
6
805
0
0
18446744073709551615
810
2
385
0.000000
3
0.000000
0.000000
0.000000
0
0.000000
0
0
0
0.950000
0.475000
0.000000
805
1
1
808
0
0
18446744073709551615
812
2
386
0.000000
3
0.000000
0.000000
0.000000
0
0.000000
0
0
0
0.354532
0.876993
31.000000
808
1
9
808
0
0
18446744073709551615
879
2
419
0.000000
3
0.000000
0.000000
0.000000
0
0.000000
0
0
0
0.950000
0.475000
0.000000
808
1
9
877
0
0
18446744073709551615
882
2
420
0.000000
3
0.000000
0.000000
0.000000
0
0.000000
0
0
0
0.950000
0.475000
0.000000
877
1
6
880
0
0
18446744073709551615
885
2
421
0.000000
3
0.000000
0.000000
0.000000
0
0.000000
0
0
0
0.950000
0.475000
0.000000
880
1
3
883
0
0
18446744073709551615
888
2
422
0.000000
3
0.000000
0.000000
0.000000
0
0.000000
0
0
0
0.950000
0.475000
0.000000
883
1
1
886
0
0
18446744073709551615
890
2
423
0.000000
3
0.000000
0.000000
0.000000
0
0.000000
0
0
0
0.355210
0.957983
109.000000
886
1
9
886
0
0
18446744073709551615
1113
2
534
0.000000
3
0.000000
0.000000
0.000000
0
0.000000
0
0
0
0.950000
0.475000
0.000000
886
1
9
1111
0
0
18446744073709551615
1116
2
535
0.000000
3
0.000000
0.000000
0.000000
0
0.000000
0
0
0
0.950000
0.475000
0.000000
1111
1
6
1114
0
0
18446744073709551615
1118
2
536
0.000000
3
0.000000
0.000000
0.000000
0
0.000000
0
0
0
0.355205
0.943812
79.000000
1114
1
8
1114
0
0
18446744073709551615
1281
2
617
0.000000
3
0.000000
0.000000
0.000000
0
0.000000
0
0
0
0.950000
0.475000
0.000000
1114
1
8
1279
0
0
18446744073709551615
1284
2
618
0.000000
3
0.000000
0.000000
0.000000
0
0.000000
0
0
0
0.950000
0.475000
0.000000
1279
1
4
1282
0
0
18446744073709551615
1287
2
619
0.000000
3
0.000000
0.000000
0.000000
0
0.000000
0
0
0
0.950000
0.475000
0.000000
1282
1
1
1285
0
0
18446744073709551615
1289
2
620
0.000000
3
0.000000
0.000000
0.000000
0
0.000000
0
0
0
0.354711
0.885587
34.000000
1285
1
9
1285
0
0
18446744073709551615
1362
2
656
0.000000
3
0.000000
0.000000
0.000000
0
0.000000
0
0
0
0.950000
0.475000
0.000000
1285
1
9
1360
0
0
18446744073709551615
1365
2
657
0.000000
3
0.000000
0.000000
0.000000
0
0.000000
0
0
0
0.950000
0.475000
0.000000
1360
1
6
1363
0
0
18446744073709551615
1368
2
658
0.000000
3
0.000000
0.000000
0.000000
0
0.000000
0
0
0
0.950000
0.475000
0.000000
1363
1
3
1366
0
0
18446744073709551615
1371
2
659
0.000000
3
0.000000
0.000000
0.000000
0
0.000000
0
0
0
0.950000
0.475000
0.000000
1366
1
1
1369
0
0
18446744073709551615
1374
2
660
0.000000
3
0.000000
0.000000
0.000000
0
0.000000
0
0
0
0.950000
0.475000
0.000000
1369
1
3
1372
0
0
18446744073709551615
1377
2
661
0.000000
3
0.000000
0.000000
0.000000
0
0.000000
0
0
0
0.950000
0.475000
0.000000
1372
1
1
1375
0
0
18446744073709551615
1380
2
662
0.000000
3
0.000000
0.000000
0.000000
0
0.000000
0
0
0
0.950000
0.475000
0.000000
1375
1
10
1378
0
0
18446744073709551615
1381
2
662
0.000000
3
0.000000
0.000000
0.000000
0
0.000000
0
0
0
0.950000
0.475000
0.000000
88
1
10
1379
0
0
18446744073709551615
1382
2
663
0.999626
3
0.000000
0.000000
0.000000
0
0.000000
0
0
0
0.000000
0.981381
261.000000
1378
1
0
1378
3
0.545270
0.000000
1
0
1
999
3
0.000000
0.200000
0.000000
0.272635
0.000000
1
1
1
999
3
0.000000
0.200000
0.000000
0.181757
0.000000
1
2
1
999
3
0.000000
0.200000
0.000000
3
0.000000
0.000000
3
2
0
997
3
0.000000
0.200000
0.000000
0.000000
0.000000
2
1
1
998
3
0.000000
0.200000
0.000000
0.000000
0.000000
2
2
1
998
3
0.000000
0.200000
0.000000
998
1383
2
663
0.999626
3
0.000000
0.000000
0.000000
0
0.000000
0
0
0
0.000000
0.981381
261.000000
1379
1
0
1379
3
0.545270
0.000000
1
0
1
999
3
0.000000
0.200000
0.000000
0.272635
0.000000
1
1
1
999
3
0.000000
0.200000
0.000000
0.181757
0.000000
1
2
1
999
3
0.000000
0.200000
0.000000
3
0.000000
0.000000
3
2
0
997
3
0.000000
0.200000
0.000000
0.000000
0.000000
2
1
1
998
3
0.000000
0.200000
0.000000
0.000000
0.000000
2
2
1
998
3
0.000000
0.200000
0.000000
998
1417
2
680
0.000000
3
0.000000
0.000000
0.000000
0
0.000000
0
0
0
0.000000
0.116102
1.000000
1379
1
0
12
3
0.016667
0.000000
1
0
1
999
3
0.000000
0.200000
0.000000
0.008333
0.000000
1
1
1
999
3
0.000000
0.200000
0.000000
0.005556
0.000000
1
2
1
999
3
0.000000
0.200000
0.000000
3
0.005556
0.000000
3
2
0
997
3
0.000000
0.200000
0.000000
0.008333
0.000000
2
1
1
998
3
0.000000
0.200000
0.000000
0.005556
0.000000
2
2
1
998
3
0.000000
0.200000
0.000000
998
1418
2
680
0.000000
3
0.000000
0.000000
0.000000
0
0.000000
0
0
0
0.000000
0.116102
1.000000
1378
1
0
1416
3
0.016667
0.000000
1
0
1
999
3
0.000000
0.200000
0.000000
0.008333
0.000000
1
1
1
999
3
0.000000
0.200000
0.000000
0.005556
0.000000
1
2
1
999
3
0.000000
0.200000
0.000000
3
0.005556
0.000000
3
2
0
997
3
0.000000
0.200000
0.000000
0.008333
0.000000
2
1
1
998
3
0.000000
0.200000
0.000000
0.005556
0.000000
2
2
1
998
3
0.000000
0.200000
0.000000
998
1420
2
681
0.000000
3
0.000000
0.000000
0.000000
0
0.000000
0
0
0
0.349390
0.925152
66.000000
1416
1
8
1416
0
0
18446744073709551615
1487
2
714
0.000000
3
0.000000
0.000000
0.000000
0
0.000000
0
0
0
0.141294
0.116102
1.000000
1416
1
8
1485
0
0
18446744073709551615
1488
2
715
0.000000
3
0.000000
0.000000
0.000000
0
0.000000
0
0
0
0.954853
0.522881
1.000000
1485
1
4
1378
0
0
18446744073709551615
1489
2
715
0.000000
3
0.000000
0.000000
0.000000
0
0.000000
0
0
0
0.954853
0.522881
1.000000
84
1
4
1379
0
0
18446744073709551615
0.000000
0
0.000000
0.000000
0.000000
0
0
1
12
1.000000
3.000000
3.000000
3.000000
3.000000
3.000000
3.000000
3.000000
3.000000
1.000000
1.000000
-1.000000
0
1
1378
18446744073709551615
18446744073709551615
0.100000
1
0.000000
1
0.200000
0.000000
0.000000
0
0
1
12
1.000000
-1.000000
-1.000000
-1.000000
-1.000000
-1.000000
-1.000000
-1.000000
-1.000000
-1.000000
1.000000
-1.000000
0
1
1378
0
18446744073709551615
0.200000
1
0.000000
2
0.000000
0.000000
0.000000
0
0
1
12
0.000000
0.000000
0.000000
0.000000
0.000000
0.000000
0.000000
0.000000
0.000000
0.000000
2.000000
2.000000
1
1
84
4
18446744073709551615
0.300000
1
2
1
0.000000
0.000000
0.000000
0.000000
0.000000
0.000000
0.000000
0.000000
0.000000
0.000000
2.000000
0.000000
11
0.000000
1
0.000000
0.000000
0.000000
0.000000
0.000000
0.000000
0.000000
0.000000
0.000000
0.000000
2.000000
2.000000
83
4.000000
1
0.000000
0.000000
0.000000
0.000000
0.000000
0.000000
0.000000
0.000000
0.000000
0.000000
0.000000
0.000000
87
8.000000
1
0.000000
0.000000
0.000000
0.000000
0.000000
0.000000
0.000000
0.000000
0.000000
0.000000
0.000000
3.000000
153
9.000000
1
3.000000
0.000000
0.000000
0.000000
0.000000
0.000000
0.000000
0.000000
0.000000
0.000000
2.000000
0.000000
157
22.000000
1
3.000000
0.000000
0.000000
0.000000
0.000000
0.000000
0.000000
0.000000
0.000000
0.000000
2.000000
2.000000
230
4.000000
1
3.000000
0.000000
0.000000
0.000000
0.000000
0.000000
0.000000
0.000000
0.000000
0.000000
0.000000
0.000000
233
8.000000
1
3.000000
0.000000
0.000000
0.000000
0.000000
0.000000
0.000000
0.000000
0.000000
3.000000
0.000000
0.000000
236
9.000000
1
0.000000
0.000000
0.000000
0.000000
0.000000
0.000000
0.000000
3.000000
0.000000
3.000000
0.000000
0.000000
239
18.000000
1
0.000000
0.000000
0.000000
0.000000
0.000000
0.000000
0.000000
3.000000
0.000000
3.000000
0.000000
3.000000
316
9.000000
1
3.000000
0.000000
0.000000
0.000000
0.000000
0.000000
0.000000
3.000000
0.000000
3.000000
0.000000
0.000000
319
18.000000
1
3.000000
3.000000
0.000000
0.000000
0.000000
0.000000
0.000000
0.000000
0.000000
1.000000
0.000000
0.000000
323
22.000000
1
0.000000
0.000000
0.000000
0.000000
0.000000
0.000000
0.000000
3.000000
3.000000
1.000000
0.000000
0.000000
326
36.000000
1
0.000000
0.000000
0.000000
0.000000
0.000000
0.000000
0.000000
3.000000
3.000000
1.000000
0.000000
3.000000
405
9.000000
1
3.000000
0.000000
0.000000
0.000000
0.000000
0.000000
0.000000
3.000000
3.000000
1.000000
0.000000
0.000000
408
18.000000
1
0.000000
0.000000
0.000000
0.000000
0.000000
0.000000
0.000000
3.000000
0.000000
1.000000
0.000000
0.000000
411
18.000000
1
0.000000
0.000000
0.000000
0.000000
0.000000
0.000000
0.000000
3.000000
0.000000
1.000000
0.000000
3.000000
482
9.000000
1
3.000000
0.000000
0.000000
0.000000
0.000000
0.000000
0.000000
3.000000
0.000000
1.000000
2.000000
0.000000
485
22.000000
1
3.000000
0.000000
0.000000
0.000000
0.000000
0.000000
0.000000
3.000000
0.000000
1.000000
2.000000
2.000000
654
4.000000
1
3.000000
0.000000
0.000000
0.000000
0.000000
0.000000
0.000000
3.000000
0.000000
1.000000
0.000000
0.000000
657
8.000000
1
3.000000
3.000000
0.000000
0.000000
0.000000
0.000000
0.000000
0.000000
0.000000
2.000000
0.000000
0.000000
660
19.000000
1
0.000000
0.000000
0.000000
0.000000
0.000000
0.000000
0.000000
3.000000
3.000000
2.000000
0.000000
0.000000
663
36.000000
1
0.000000
0.000000
0.000000
0.000000
0.000000
0.000000
0.000000
3.000000
3.000000
2.000000
0.000000
3.000000
802
9.000000
1
3.000000
0.000000
0.000000
0.000000
0.000000
0.000000
0.000000
3.000000
3.000000
2.000000
0.000000
0.000000
805
18.000000
1
0.000000
0.000000
0.000000
0.000000
0.000000
0.000000
0.000000
3.000000
0.000000
2.000000
0.000000
0.000000
808
18.000000
1
0.000000
0.000000
0.000000
0.000000
0.000000
0.000000
0.000000
3.000000
0.000000
2.000000
0.000000
3.000000
877
9.000000
1
3.000000
0.000000
0.000000
0.000000
0.000000
0.000000
0.000000
3.000000
0.000000
2.000000
0.000000
0.000000
880
18.000000
1
3.000000
3.000000
0.000000
0.000000
0.000000
0.000000
0.000000
0.000000
0.000000
0.000000
0.000000
0.000000
883
22.000000
1
0.000000
0.000000
3.000000
0.000000
0.000000
0.000000
0.000000
3.000000
3.000000
0.000000
0.000000
0.000000
886
45.000000
1
0.000000
0.000000
3.000000
0.000000
0.000000
0.000000
0.000000
3.000000
3.000000
0.000000
0.000000
3.000000
1111
9.000000
1
3.000000
0.000000
3.000000
0.000000
0.000000
0.000000
0.000000
3.000000
3.000000
0.000000
2.000000
0.000000
1114
22.000000
1
3.000000
0.000000
3.000000
0.000000
0.000000
0.000000
0.000000
3.000000
3.000000
0.000000
2.000000
2.000000
1279
4.000000
1
3.000000
0.000000
3.000000
0.000000
0.000000
0.000000
0.000000
3.000000
3.000000
0.000000
0.000000
0.000000
1282
8.000000
1
0.000000
3.000000
0.000000
0.000000
0.000000
0.000000
0.000000
3.000000
0.000000
0.000000
0.000000
0.000000
1285
36.000000
1
0.000000
3.000000
0.000000
0.000000
0.000000
0.000000
0.000000
3.000000
0.000000
0.000000
0.000000
3.000000
1360
9.000000
1
3.000000
3.000000
0.000000
0.000000
0.000000
0.000000
0.000000
3.000000
0.000000
0.000000
0.000000
0.000000
1363
18.000000
1
3.000000
3.000000
0.000000
3.000000
0.000000
0.000000
0.000000
0.000000
0.000000
3.000000
0.000000
0.000000
1366
27.000000
1
3.000000
0.000000
3.000000
3.000000
0.000000
0.000000
0.000000
3.000000
3.000000
3.000000
0.000000
0.000000
1369
36.000000
1
3.000000
3.000000
3.000000
0.000000
3.000000
3.000000
0.000000
0.000000
0.000000
1.000000
0.000000
0.000000
1372
58.000000
1
0.000000
3.000000
3.000000
3.000000
3.000000
3.000000
3.000000
3.000000
3.000000
1.000000
0.000000
0.000000
1375
45.000000
1
1.000000
3.000000
3.000000
3.000000
3.000000
3.000000
3.000000
3.000000
3.000000
1.000000
1.000000
0.000000
1378
2.000000
1
1.000000
3.000000
3.000000
3.000000
3.000000
3.000000
3.000000
3.000000
3.000000
1.000000
2.000000
0.000000
1416
1.000000
1
1.000000
3.000000
3.000000
3.000000
3.000000
3.000000
3.000000
3.000000
3.000000
1.000000
2.000000
2.000000
1485
4.000000
0
1
0.000000
0.000000
0.000000
0.000000
0.000000
0.000000
0.000000
0.000000
0.000000
0.000000
2.000000
0.000000
12
0.000000
1
0.000000
0.000000
0.000000
0.000000
0.000000
0.000000
0.000000
0.000000
0.000000
0.000000
2.000000
2.000000
84
4.000000
1
0.000000
0.000000
0.000000
0.000000
0.000000
0.000000
0.000000
0.000000
0.000000
0.000000
0.000000
0.000000
88
8.000000
1
0.000000
0.000000
0.000000
0.000000
0.000000
0.000000
0.000000
0.000000
0.000000
0.000000
0.000000
3.000000
154
9.000000
1
0.000000
0.000000
0.000000
0.000000
0.000000
0.000000
0.000000
0.000000
0.000000
0.000000
1.000000
0.000000
1379
10.000000
0
-1
-1
