11
"@(#) Mona format 11"
0.050000
0.950000
0.000000
0.000000
0.100000
0.900000
0.100000
0.000000
5
50
10.000000
2
3
500
0
2
3
0.000000
0
2
0
3
1
2
3
0.545455
0.272727
0.181818
1
9
13
4
4517
1
0
9
1
1
1
1
1
1
1
1
1
0.000000
0
0
131
2775244822
4240561936
3909741881
3114219582
761610466
2782736731
1994661829
2049648594
2550425013
3231118270
4010992532
3723435556
2995947457
66658694
2999516429
3004444974
480486872
3539847206
1531703935
1807837731
3834532492
982436209
3779012589
4165457953
3439935057
1152908104
218433288
2991173507
549247229
1350508625
2264794997
3175755270
3925416338
3297748431
1036515930
3508573043
1245652191
489403082
651251316
4173239400
1415763195
2096993825
82721220
1251301680
946407348
400742163
1886998439
1666493679
3415261744
531742564
3932065617
990778276
2624503080
1917526738
3558892693
3134390896
1401912968
2579000537
2258068882
306703968
903263251
2378777299
722289934
769799708
1490326868
2568928543
4101858205
1073790647
3055019674
3645822770
3333109233
2236844169
3720796746
2421362445
139370343
3684590860
276817604
3068840923
822881078
2693562217
1357034110
3134843230
2357721509
3198780591
3872191465
976813496
2816308724
165299733
4179886691
158489229
357481419
2204619917
412459270
2704719900
608418309
111587503
2332717680
3820986784
511789492
1498478815
1122090998
157374534
1622490192
3262192530
2107581654
2510090349
2915771804
3805120403
3941535979
101060586
3043159830
3250833252
319998114
2668003422
2727322605
2290267630
2108556316
1370521211
876405439
2260729367
1962427582
2384804976
3318063993
3007580526
700333816
2003655029
2770785544
2007602716
3280543680
857275013
2973811237
2113678203
3340322791
3064698936
148139904
912857652
3596090338
297813409
999635954
380222079
1414111112
312234094
1350705609
3393093974
1660260842
128478549
66015787
1207392122
900409595
1294219756
2549001922
1447893252
2779881681
3437933857
1352250342
3211028906
2641708025
758272476
2636344983
563386989
4188678629
2068085195
795022432
1390433780
341150847
597349706
2432407504
744210629
858823621
3830515105
1840462130
3364889255
2713062275
2480288292
411332438
2585565155
364669266
1333283646
2518387371
2494911239
2228828144
2673803719
748764761
3891003205
1719942528
3952059439
1439265305
3676412793
480612357
2827626837
577121942
2624083818
1012975259
2022399451
495684555
1433906023
2874597890
423135267
144178100
1388730346
3240052005
216982841
2352116161
959347717
1280444012
4051700958
2855548137
1464851206
4237722203
657002641
4172508058
3513810248
1748626267
3389723750
4176237811
3682489247
2503672717
4000383922
1708873136
720289389
2629376669
1639607108
746889405
2043429542
429142153
810810607
1592536635
720709045
881293761
514535503
1809743170
2359916500
2588029363
2379281049
850149364
273789431
2397657001
2350374837
256077763
2961477830
3515361257
3448138617
3243237925
1651727270
1735723849
3515952256
989777425
4227416148
903226570
906671130
408521339
2904727898
1136519093
1432957637
2675150787
55117251
2888414274
583897182
908073319
3434104506
1757853936
798348819
339897658
2537396074
2052138918
3742901972
499336663
397221003
313939638
1811875960
4016699369
3524593103
2856143525
910118707
1577557487
1540582006
323785422
3569285114
3113357574
832093407
2810574386
173886443
4023881397
463406892
1438474985
2800204894
375706911
957764627
4134958344
1466612437
675873191
1113992892
2797481631
1809239032
1115749171
863071005
3315189751
2364052818
3242232925
3255505224
2929030764
1401445638
205453333
3100824104
1208092146
992839973
1433996645
1547589371
1438414723
4255826924
911868706
4096816739
1165500888
404736265
1476800379
1214191457
2890042765
1099459921
2841056114
65827546
846261194
2443239444
1147879348
1088221401
3081468315
2218287773
2822022114
4194760152
1263723301
1657937976
2247069360
3156273908
3150530750
3261911707
4126554835
2211969756
2857458796
2015370049
371679145
1198534339
901404378
1398568481
274740351
22330251
167790589
2380437397
86194715
1266593927
3317963053
2673225640
4068721369
2875663086
2915517415
2283679290
2409176253
3633940255
259119838
2046459539
2693658080
3841259804
1308754980
790207021
434434195
2638194719
115232551
969419143
1461825098
2014100631
1974492648
1529299512
139960458
3513117769
4177982356
2983339415
1179667599
2228872349
3261899900
2809024398
746102632
2007806972
4064144961
2395985824
1426349164
3006245466
3295086631
673670575
3234978236
2809031257
670295489
3756712227
1954863251
1641213466
912359609
3745232168
3163602364
1600439758
1066396700
3021323947
1572888353
2621301236
3276350594
1632632173
2907385666
572722335
1265138870
3151107315
2969552633
1805911946
2137592682
2185898849
660868394
3123178135
3666009776
3903526986
2110056833
802953392
3392992717
4063571806
649495662
1824023642
866675535
1679615900
2251262860
4127768296
1466677040
1250981650
1136231748
2058315018
3568965698
3301093123
3624583958
131880172
2746358287
3556739071
857660112
855593602
1388612588
1905933354
2702986269
1209062260
1166691464
3834209267
1012033726
792269054
604619006
3105395938
1700369492
3874469972
76408220
3961719829
268547022
4083137377
1610009006
775523058
2907977034
1912029965
2508753605
2781307267
2199105997
4276464483
3330221070
3643651333
1225005545
2534550566
1387873723
4220515335
1045524630
1104890503
612850774
3686240749
4064444610
653445232
1783778535
4018429332
4008616335
4216259990
2260835327
1253174338
2452994236
1957863173
1278340513
3513356984
1456798174
1501822571
3949463605
3635498047
1244577721
2322488059
1476800742
2497745228
177242100
2323438666
264737036
1989166321
71076098
1249472891
1719313406
2376381685
2571430376
1990125155
4069205647
4112543861
3827778826
3040028075
4179062482
1134963981
1319196074
1452332698
2150621032
2182135529
3728188051
4181655960
993356008
517183823
1058332263
528274947
3482415129
2720265973
3725411202
3833987356
3741546798
1436322884
4017343616
1818858406
3265331567
1872866598
662936495
2283982328
3215828560
4022033576
1376464109
1975802456
823093233
3228571122
2769127513
4223783397
458960492
4174031885
609449469
3492564298
2684637400
155992150
2085706823
2594221117
3777260033
1597923737
255529750
3460837960
3998947094
2320567348
2049152121
4285555580
2978560064
2024219906
196200942
625555252
2464952465
3874929714
2244341387
1879205076
698114982
1311048719
1470553639
1302843658
1670717193
3591367425
3654943044
107156253
1638597487
1265465709
772864809
501185363
3088116690
1725175093
1318881047
827043578
1729164320
3208037160
1431250449
672064320
3985498499
3178466287
2833835652
1970192610
2948477970
1232163975
1868851519
752450579
1262373115
440311795
1165441980
2307861270
2961807473
3174689031
1218623436
412301051
2568344774
2923636895
1182736068
72544248
3374534137
3437969642
1800960432
3514538082
8216658
2673133847
1133483849
802000112
1651388212
2704070937
3522653121
1852175115
4239913489
3555867126
1706340664
1036108437
4070453669
4163477182
413724108
3065342553
3324097131
2469919174
3773791388
758815767
2.000000
0.000000
0.000000
1.000000
3.000000
0.000000
0.000000
0.000000
0.000000
0
600
4
63
1.000000
598
598
1.000000
4
0.000000
0.000000
0.000000
1.000000
0
1.000000
598
598
1.000000
4
0.000000
0.000000
0.000000
1.000000
63
1.000000
599
599
1.000000
4
0.000000
0.000000
0.000000
1.000000
0
1.000000
599
599
1.000000
4
0.000000
0.000000
0.000000
1.000000
86
13
0
0
0.000000
4
1.000000
0.000000
0.000000
1.000000
0
0.250000
0
4
102
2
247
2
23
0
106
0
0
2.000000
0.000000
0.000000
1.000000
1.000000
0.000000
0.000000
1.000000
0.000000
0
0
14
0
1
0.000000
4
0.000000
0.000000
0.000000
0.000000
0
0.000000
0
0
0
2.000000
0.000000
0.000000
1.000000
1.000000
0.000000
1.000000
1.000000
0.000000
0
0
15
0
3
0.000000
4
0.000000
0.000000
0.000000
0.000000
0
0.000000
0
0
0
2.000000
0.000000
0.000000
5.000000
1.000000
0.000000
1.000000
0.000000
0.000000
0
0
16
0
4
0.000000
4
0.000000
0.000000
0.000000
0.000000
0
0.000000
0
0
0
2.000000
0.000000
0.000000
0.000000
1.000000
0.000000
1.000000
0.000000
0.000000
0
0
17
0
5
0.000000
4
0.000000
0.000000
0.000000
0.000000
0
0.000000
0
0
0
2.000000
4.000000
0.000000
0.000000
1.000000
0.000000
1.000000
0.000000
0.000000
0
0
18
0
6
0.000000
4
0.000000
0.000000
0.000000
0.000000
0
0.000000
0
0
0
2.000000
3.000000
0.000000
0.000000
1.000000
0.000000
1.000000
0.000000
0.000000
0
0
19
0
7
0.000000
4
0.000000
0.000000
0.000000
0.000000
0
0.000000
0
0
0
1.000000
4.000000
0.000000
0.000000
1.000000
0.000000
1.000000
0.000000
0.000000
0
0
20
0
10
0.000000
4
0.000000
0.000000
0.000000
0.000000
0
0.000000
0
0
0
1.000000
2.000000
0.000000
0.000000
1.000000
0.000000
1.000000
0.000000
0.000000
0
0
21
0
14
0.000000
4
0.000000
0.000000
0.000000
0.000000
0
0.000000
0
0
0
1.000000
1.000000
0.000000
0.000000
1.000000
0.000000
1.000000
0.000000
0.000000
0
0
22
0
15
0.000000
4
1.000000
0.000000
0.000000
0.000000
0
0.250000
0
3
23
2
110
2
26
0
0
1.000000
1.000000
0.000000
0.000000
1.000000
0.000000
0.000000
0.000000
0.000000
0
0
25
0
16
0.000000
4
0.000000
0.000000
0.000000
0.000000
0
0.250000
0
5
26
2
32
0
179
0
114
0
254
0
0
1.000000
0.000000
0.000000
0.000000
1.000000
2.000000
0.000000
0.000000
0.000000
0
0
27
0
17
0.000000
4
0.000000
0.000000
0.000000
0.000000
0
0.000000
0
0
0
1.000000
0.000000
0.000000
0.000000
1.000000
2.000000
1.000000
0.000000
0.000000
0
0
28
0
23
0.000000
4
0.000000
0.000000
0.000000
0.000000
0
0.000000
0
0
0
2.000000
0.000000
0.000000
0.000000
1.000000
2.000000
1.000000
0.000000
0.000000
0
0
29
0
30
0.000000
4
0.000000
0.000000
0.000000
0.000000
0
0.000000
0
0
0
2.000000
0.000000
0.000000
1.000000
1.000000
2.000000
1.000000
1.000000
0.000000
0
0
30
0
31
0.000000
4
0.000000
0.000000
0.000000
0.000000
0
0.000000
0
0
0
2.000000
0.000000
0.000000
5.000000
1.000000
2.000000
1.000000
0.000000
0.000000
0
0
31
0
32
0.000000
4
0.000000
0.000000
0.000000
0.000000
0
0.250000
0
2
32
2
35
0
0
2.000000
0.000000
0.000000
5.000000
1.000000
2.000000
0.000000
0.000000
0.000000
0
0
34
0
33
0.000000
4
0.000000
0.000000
0.000000
0.000000
0
0.250000
0
6
35
2
115
2
179
2
255
2
256
0
37
0
0
2.000000
0.000000
0.000000
3.000000
1.000000
2.000000
0.000000
0.000000
0.000000
0
0
36
0
34
0.000000
4
0.000000
0.000000
0.000000
1.000000
0
0.250000
0
2
37
2
39
0
0
2.000000
0.000000
0.000000
1.000000
1.000000
2.000000
0.000000
1.000000
0.000000
0
0
38
0
35
0.000000
4
1.000000
1.000000
1.000000
1.000000
0
0.250000
0
4
39
2
41
0
118
0
260
0
0
2.000000
0.000000
0.000000
1.000000
1.000000
0.000000
0.000000
0.000000
0.000000
0
0
40
0
36
0.000000
4
1.000000
0.000000
0.000000
1.000000
0
0.250000
0
5
41
2
69
2
50
0
204
0
71
0
0
2.000000
0.000000
0.000000
1.000000
2.000000
0.000000
0.000000
0.000000
1.000000
0
0
42
0
37
0.000000
4
0.000000
0.000000
0.000000
0.000000
0
0.000000
0
0
0
2.000000
0.000000
0.000000
1.000000
2.000000
0.000000
1.000000
0.000000
1.000000
0
0
43
0
39
0.000000
4
0.000000
0.000000
0.000000
0.000000
0
0.000000
0
0
0
2.000000
0.000000
0.000000
5.000000
2.000000
0.000000
1.000000
0.000000
0.000000
0
0
44
0
40
0.000000
4
0.000000
0.000000
0.000000
0.000000
0
0.000000
0
0
0
2.000000
0.000000
0.000000
0.000000
2.000000
0.000000
1.000000
0.000000
0.000000
0
0
45
0
47
0.000000
4
0.000000
0.000000
0.000000
0.000000
0
0.000000
0
0
0
2.000000
0.000000
4.000000
0.000000
2.000000
0.000000
1.000000
0.000000
0.000000
0
0
46
0
48
0.000000
4
0.000000
0.000000
0.000000
0.000000
0
0.000000
0
0
0
0.000000
0.000000
4.000000
0.000000
2.000000
0.000000
1.000000
0.000000
0.000000
0
0
47
0
49
0.000000
4
0.000000
0.000000
0.000000
0.000000
0
0.000000
0
0
0
0.000000
0.000000
3.000000
0.000000
2.000000
0.000000
1.000000
0.000000
0.000000
0
0
48
0
50
0.000000
4
0.000000
0.000000
0.000000
0.000000
0
0.000000
0
0
0
0.000000
0.000000
1.000000
0.000000
2.000000
0.000000
1.000000
0.000000
0.000000
0
0
49
0
51
0.000000
4
1.000000
0.000000
0.000000
0.000000
0
0.093199
0
3
50
2
74
2
53
0
0
0.000000
0.000000
1.000000
0.000000
2.000000
0.000000
0.000000
0.000000
0.000000
0
0
52
0
52
0.000000
4
0.000000
0.000000
0.000000
0.000000
0
0.095537
0
5
53
2
78
0
193
0
58
0
171
0
0
0.000000
0.000000
0.000000
0.000000
2.000000
3.000000
0.000000
0.000000
0.000000
0
0
54
0
53
0.000000
4
0.000000
0.000000
0.000000
0.000000
0
0.000000
0
0
0
0.000000
0.000000
0.000000
0.000000
2.000000
3.000000
1.000000
0.000000
0.000000
0
0
55
0
58
0.000000
4
0.000000
0.000000
0.000000
0.000000
0
0.000000
0
0
0
2.000000
0.000000
0.000000
0.000000
2.000000
3.000000
1.000000
0.000000
0.000000
0
0
56
0
64
0.000000
4
0.000000
0.000000
0.000000
0.000000
0
0.000000
0
0
0
2.000000
0.000000
0.000000
3.000000
2.000000
3.000000
1.000000
0.000000
0.000000
0
0
57
0
66
0.000000
4
0.000000
0.000000
0.000000
0.000000
0
0.100565
0
8
58
2
79
2
82
2
172
2
129
0
81
0
100
0
60
0
0
2.000000
0.000000
0.000000
3.000000
2.000000
3.000000
0.000000
0.000000
0.000000
0
0
59
0
67
0.000000
4
0.000000
0.000000
0.000000
1.000000
0
0.250000
0
2
60
2
62
0
0
2.000000
0.000000
0.000000
1.000000
2.000000
3.000000
0.000000
0.000000
1.000000
0
0
61
0
68
0.000000
4
1.000000
1.000000
1.000000
1.000000
0
0.250000
0
7
62
2
101
2
64
0
134
0
215
0
102
0
233
0
0
2.000000
0.000000
0.000000
1.000000
2.000000
0.000000
0.000000
0.000000
0.000000
0
0
63
0
69
1.000000
4
1.000000
1.000000
1.000000
1.000000
0
0.250000
0
5
64
2
260
2
265
2
66
0
87
0
0
2.000000
0.000000
0.000000
1.000000
3.000000
0.000000
0.000000
0.000000
0.000000
0
0
65
0
70
0.000000
4
1.000000
0.000000
0.000000
0.000000
0
0.231689
0
6
66
2
118
2
215
2
243
2
245
2
68
0
0
2.000000
0.000000
0.000000
2.000000
3.000000
0.000000
0.000000
0.000000
0.000000
0
0
67
0
71
0.000000
4
1.000000
0.000000
0.000000
0.000000
0
0.237500
0
7
68
2
88
2
159
2
247
0
245
0
69
0
265
0
0
2.000000
0.000000
0.000000
3.000000
3.000000
0.000000
0.000000
0.000000
0.000000
0
0
70
0
88
0.000000
4
1.000000
0.000000
0.000000
0.000000
0
0.013999
0
3
71
2
187
2
73
0
0
0.000000
0.000000
4.000000
0.000000
2.000000
0.000000
0.000000
0.000000
0.000000
0
0
72
0
89
0.000000
4
1.000000
0.000000
0.000000
0.000000
0
0.014315
0
5
73
2
94
2
74
0
93
0
187
0
0
0.000000
0.000000
3.000000
0.000000
2.000000
0.000000
0.000000
0.000000
0.000000
0
0
76
0
101
0.000000
4
0.000000
0.000000
0.000000
0.000000
0
0.000000
0
0
0
2.000000
0.000000
0.000000
2.000000
2.000000
3.000000
1.000000
0.000000
0.000000
0
0
77
0
103
0.000000
4
0.000000
0.000000
0.000000
0.000000
0
0.097222
0
3
78
2
129
2
79
0
0
2.000000
0.000000
0.000000
2.000000
2.000000
3.000000
0.000000
0.000000
0.000000
0
0
80
0
105
0.000000
4
0.000000
0.000000
0.000000
0.000000
0
0.097222
0
3
81
2
193
2
82
0
0
2.000000
0.000000
0.000000
4.000000
2.000000
3.000000
0.000000
0.000000
0.000000
0
0
86
0
110
0.000000
4
1.000000
0.000000
0.000000
0.000000
0
0.226777
0
2
87
2
88
0
0
2.000000
0.000000
0.000000
5.000000
3.000000
0.000000
0.000000
0.000000
0.000000
0
0
92
0
129
0.000000
4
1.000000
0.000000
0.000000
0.000000
0
0.013732
0
3
93
2
204
2
94
0
0
0.000000
0.000000
2.000000
0.000000
2.000000
0.000000
0.000000
0.000000
0.000000
0
0
99
0
148
0.000000
4
0.000000
0.000000
0.000000
1.000000
0
0.250000
0
2
100
2
101
0
0
2.000000
0.000000
0.000000
1.000000
2.000000
3.000000
0.000000
1.000000
0.000000
0
0
103
0
160
0.000000
4
0.000000
0.000000
0.000000
0.000000
0
0.000000
0
0
0
1.000000
3.000000
0.000000
0.000000
1.000000
0.000000
1.000000
0.000000
0.000000
0
0
104
0
162
0.000000
4
0.000000
0.000000
0.000000
0.000000
0
0.000000
0
0
0
1.000000
5.000000
0.000000
0.000000
1.000000
0.000000
1.000000
0.000000
0.000000
0
0
105
0
164
0.000000
4
1.000000
0.000000
0.000000
0.000000
0
0.248720
0
2
106
2
108
0
0
1.000000
2.000000
0.000000
0.000000
1.000000
0.000000
0.000000
0.000000
0.000000
0
0
107
0
165
0.000000
4
1.000000
0.000000
0.000000
0.000000
0
0.250000
0
4
108
2
109
2
110
0
109
0
0
1.000000
3.000000
0.000000
0.000000
1.000000
0.000000
0.000000
0.000000
0.000000
0
0
112
0
184
0.000000
4
0.000000
0.000000
0.000000
0.000000
0
0.000000
0
0
0
2.000000
0.000000
0.000000
4.000000
1.000000
2.000000
1.000000
0.000000
0.000000
0
0
113
0
186
0.000000
4
0.000000
0.000000
0.000000
0.000000
0
0.250000
0
2
114
2
115
0
0
2.000000
0.000000
0.000000
4.000000
1.000000
2.000000
0.000000
0.000000
0.000000
0
0
133
0
227
0.000000
4
0.000000
1.000000
1.000000
1.000000
0
0.250000
0
2
134
2
142
0
0
2.000000
0.000000
0.000000
1.000000
0.000000
0.000000
0.000000
0.000000
0.000000
0
0
135
0
228
0.000000
4
0.000000
0.000000
0.000000
0.000000
0
0.000000
0
0
0
2.000000
0.000000
0.000000
2.000000
0.000000
0.000000
1.000000
0.000000
0.000000
0
0
136
0
229
0.000000
4
0.000000
0.000000
0.000000
0.000000
0
0.000000
0
0
0
2.000000
0.000000
0.000000
5.000000
0.000000
0.000000
1.000000
0.000000
0.000000
0
0
137
0
230
0.000000
4
0.000000
0.000000
0.000000
0.000000
0
0.000000
0
0
0
2.000000
0.000000
0.000000
0.000000
0.000000
0.000000
1.000000
0.000000
0.000000
0
0
138
0
238
0.000000
4
0.000000
0.000000
0.000000
0.000000
0
0.000000
0
0
0
1.000000
3.000000
0.000000
0.000000
0.000000
0.000000
1.000000
0.000000
0.000000
0
0
139
0
240
0.000000
4
0.000000
0.000000
0.000000
0.000000
0
0.000000
0
0
0
1.000000
1.000000
0.000000
0.000000
0.000000
0.000000
1.000000
0.000000
0.000000
0
0
140
0
242
0.000000
4
0.000000
0.000000
0.000000
0.000000
0
0.000000
0
0
0
1.000000
5.000000
0.000000
0.000000
0.000000
0.000000
1.000000
0.000000
0.000000
0
0
141
0
243
0.000000
4
0.000000
0.000000
0.000000
0.000000
0
0.185655
0
4
142
2
143
2
143
0
145
0
0
1.000000
5.000000
0.000000
0.000000
0.000000
0.000000
0.000000
0.000000
0.000000
0
0
144
0
245
0.000000
4
0.000000
0.000000
0.000000
0.000000
0
0.195427
0
2
145
2
147
0
0
1.000000
3.000000
0.000000
0.000000
0.000000
0.000000
0.000000
0.000000
0.000000
0
0
146
0
246
0.000000
4
0.000000
0.000000
0.000000
0.000000
0
0.205712
0
3
147
2
239
2
149
0
0
1.000000
1.000000
0.000000
0.000000
0.000000
0.000000
0.000000
0.000000
0.000000
0
0
148
0
247
0.000000
4
0.000000
0.000000
0.000000
0.000000
0
0.215439
0
2
149
2
151
0
0
1.000000
0.000000
0.000000
0.000000
0.000000
2.000000
0.000000
0.000000
0.000000
0
0
150
0
248
0.000000
4
1.000000
0.000000
0.000000
0.000000
0
0.225625
0
3
151
2
159
0
243
0
0
1.000000
2.000000
0.000000
0.000000
3.000000
0.000000
0.000000
0.000000
0.000000
0
0
152
0
249
0.000000
4
0.000000
0.000000
0.000000
0.000000
0
0.000000
0
0
0
1.000000
2.000000
0.000000
0.000000
3.000000
0.000000
1.000000
0.000000
0.000000
0
0
153
0
250
0.000000
4
0.000000
0.000000
0.000000
0.000000
0
0.000000
0
0
0
1.000000
5.000000
0.000000
0.000000
3.000000
0.000000
1.000000
0.000000
0.000000
0
0
154
0
251
0.000000
4
0.000000
0.000000
0.000000
0.000000
0
0.000000
0
0
0
1.000000
4.000000
0.000000
0.000000
3.000000
0.000000
1.000000
0.000000
0.000000
0
0
155
0
252
0.000000
4
0.000000
0.000000
0.000000
0.000000
0
0.000000
0
0
0
2.000000
4.000000
0.000000
0.000000
3.000000
0.000000
1.000000
0.000000
0.000000
0
0
156
0
254
0.000000
4
0.000000
0.000000
0.000000
0.000000
0
0.000000
0
0
0
2.000000
5.000000
0.000000
0.000000
3.000000
0.000000
1.000000
0.000000
0.000000
0
0
157
0
255
0.000000
4
0.000000
0.000000
0.000000
0.000000
0
0.000000
0
0
0
2.000000
0.000000
0.000000
0.000000
3.000000
0.000000
1.000000
0.000000
0.000000
0
0
158
0
263
0.000000
4
0.000000
0.000000
0.000000
0.000000
0
0.000000
0
0
0
2.000000
0.000000
0.000000
3.000000
3.000000
0.000000
1.000000
0.000000
0.000000
0
0
168
0
296
0.000000
4
0.000000
0.000000
0.000000
0.000000
0
0.000000
0
0
0
2.000000
0.000000
0.000000
1.000000
2.000000
3.000000
1.000000
1.000000
0.000000
0
0
169
0
297
0.000000
4
0.000000
0.000000
0.000000
0.000000
0
0.000000
0
0
0
2.000000
0.000000
0.000000
5.000000
2.000000
3.000000
1.000000
0.000000
0.000000
0
0
170
0
298
0.000000
4
0.000000
0.000000
0.000000
0.000000
0
0.095537
0
2
171
2
172
0
0
2.000000
0.000000
0.000000
5.000000
2.000000
3.000000
0.000000
0.000000
0.000000
0
0
178
0
334
0.000000
4
0.000000
0.000000
0.000000
0.000000
0
0.000000
0
0
0
2.000000
0.000000
0.000000
3.000000
1.000000
2.000000
1.000000
0.000000
0.000000
0
0
192
0
367
0.000000
4
0.000000
0.000000
0.000000
0.000000
0
0.000000
0
0
0
2.000000
0.000000
0.000000
4.000000
2.000000
3.000000
1.000000
0.000000
0.000000
0
0
203
0
390
0.000000
4
0.000000
0.000000
0.000000
0.000000
0
0.000000
0
0
0
0.000000
0.000000
2.000000
0.000000
2.000000
0.000000
1.000000
0.000000
0.000000
0
0
232
0
457
0.000000
4
0.000000
0.000000
0.000000
1.000000
0
0.250000
0
2
233
2
239
0
0
2.000000
0.000000
0.000000
1.000000
0.000000
0.000000
0.000000
1.000000
0.000000
0
0
234
0
458
0.000000
4
0.000000
0.000000
0.000000
0.000000
0
0.000000
0
0
0
2.000000
0.000000
0.000000
1.000000
0.000000
0.000000
1.000000
1.000000
0.000000
0
0
235
0
463
0.000000
4
0.000000
0.000000
0.000000
0.000000
0
0.000000
0
0
0
2.000000
3.000000
0.000000
0.000000
0.000000
0.000000
1.000000
0.000000
0.000000
0
0
236
0
465
0.000000
4
0.000000
0.000000
0.000000
0.000000
0
0.000000
0
0
0
1.000000
4.000000
0.000000
0.000000
0.000000
0.000000
1.000000
0.000000
0.000000
0
0
237
0
466
0.000000
4
0.000000
0.000000
0.000000
0.000000
0
0.000000
0
0
0
2.000000
5.000000
0.000000
0.000000
0.000000
0.000000
1.000000
0.000000
0.000000
0
0
238
0
471
0.000000
4
0.000000
0.000000
0.000000
0.000000
0
0.000000
0
0
0
1.000000
2.000000
0.000000
0.000000
0.000000
0.000000
1.000000
0.000000
0.000000
0
0
242
0
489
0.000000
4
0.000000
0.000000
0.000000
0.000000
0
0.000000
0
0
0
2.000000
0.000000
0.000000
2.000000
3.000000
0.000000
1.000000
0.000000
0.000000
0
0
252
0
529
0.000000
4
0.000000
0.000000
0.000000
0.000000
0
0.000000
0
0
0
2.000000
0.000000
0.000000
2.000000
1.000000
2.000000
1.000000
0.000000
0.000000
0
0
253
0
531
0.000000
4
0.000000
0.000000
0.000000
0.000000
0
0.250000
0
3
254
2
256
2
255
0
0
2.000000
0.000000
0.000000
2.000000
1.000000
2.000000
0.000000
0.000000
0.000000
0
0
13
0
1
0
1.000000
4
0.000000
0.000000
0.000000
0.000000
0
0.004326
0
10
41
1
64
1
66
1
87
1
102
1
118
1
134
1
215
1
233
1
260
1
0
-1
-1
-1
1
1
0
0.000000
4
0.000000
0.000000
0.000000
0.000000
0
0.000000
0
16
37
1
60
1
69
1
74
1
81
1
93
1
100
1
109
1
110
1
129
1
147
1
187
1
245
1
247
1
256
1
265
1
1
1
-1
-1
2
1
0
0.000000
4
0.000000
0.000000
0.000000
0.000000
0
0.000000
0
3
73
1
82
1
115
1
2
2
-1
-1
3
1
0
0.000000
4
0.000000
0.000000
0.000000
0.000000
0
0.000000
0
5
68
1
79
1
94
1
108
1
255
1
3
3
-1
-1
4
1
0
0.000000
4
0.000000
0.000000
0.000000
0.000000
0
0.000000
0
5
35
1
88
1
143
1
145
1
172
1
4
4
-1
-1
5
1
0
0.000000
4
0.000000
0.000000
0.000000
0.000000
0
0.000000
0
1
151
1
5
-1
-1
-1
6
1
0
0.000000
4
0.000000
0.000000
0.000000
0.000000
0
0.000000
0
3
26
1
53
1
149
1
6
-1
-1
-1
7
1
0
0.000000
4
0.000000
0.000000
0.000000
0.000000
0
0.000000
0
0
7
-1
-1
-1
8
1
0
0.000000
4
0.000000
0.000000
0.000000
0.000000
0
0.000000
0
0
8
-1
-1
-1
9
1
0
0.000000
4
0.000000
0.000000
0.000000
0.000000
0
0.000000
0
1
39
1
9
-1
-1
-1
10
1
0
0.000000
4
0.000000
0.000000
0.000000
0.000000
0
0.000000
0
2
62
1
101
1
10
-1
-1
-1
11
1
0
0.000000
4
0.000000
0.000000
0.000000
0.000000
0
0.000000
0
0
11
-2
-1
-1
12
1
0
0.000000
4
0.000000
0.000000
0.000000
0.000000
0
0.000000
0
0
12
-3
-1
-1
3
24
1
15
0.000000
4
0.000000
0.000000
0.000000
0.000000
0
0.000000
0
4
23
1
106
1
142
1
239
1
11
-1
3
5
33
1
32
0.000000
4
0.000000
0.000000
0.000000
0.000000
0
0.000000
0
10
32
1
58
1
78
1
114
1
159
1
171
1
179
1
193
1
243
1
254
1
11
-1
10
10
51
1
51
0.000000
4
0.000000
0.000000
0.000000
0.000000
0
0.000000
0
3
50
1
71
1
204
1
11
-1
14
16
63
23
2
15
0.000000
4
0.000000
0.000000
0.000000
0.000000
0
0.250000
0
0
0
0.950000
0.475000
0.000000
13
1
24
22
0
0
18446744073709551615
26
2
16
0.000000
4
0.000000
0.000000
0.000000
0.000000
0
0.250000
0
0
0
0.963191
0.596980
3.000000
22
1
6
25
0
0
18446744073709551615
32
2
32
0.000000
4
0.000000
0.000000
0.000000
0.000000
0
0.250000
0
0
0
0.950000
0.475000
0.000000
25
1
33
31
0
0
18446744073709551615
35
2
33
0.000000
4
0.000000
0.000000
0.000000
0.000000
0
0.250000
0
0
0
0.950000
0.475000
0.000000
31
1
4
34
0
0
18446744073709551615
37
2
34
0.000000
4
0.000000
0.000000
0.000000
0.000000
0
0.250000
0
0
0
0.457280
0.344025
3.000000
34
1
1
36
0
0
18446744073709551615
39
2
35
0.000000
4
0.000000
0.000000
0.000000
0.000000
0
0.250000
0
0
0
0.963191
0.596980
3.000000
36
1
9
38
0
0
18446744073709551615
41
2
36
0.000000
4
0.000000
0.000000
0.000000
0.000000
0
0.250000
0
0
0
0.098771
0.118446
0.363636
38
1
0
40
0
0
18446744073709551615
50
2
51
0.000000
4
0.000000
0.000000
0.000000
0.000000
0
0.093199
0
0
0
0.950000
0.475000
0.000000
40
1
51
49
0
0
18446744073709551615
53
2
52
0.000000
4
0.000000
0.000000
0.000000
0.000000
0
0.095537
0
0
0
0.975531
0.693648
7.000000
49
1
6
52
0
0
18446744073709551615
58
2
66
0.000000
4
0.000000
0.000000
0.000000
0.000000
0
0.100565
0
0
0
0.950000
0.475000
0.000000
52
1
33
57
0
0
18446744073709551615
60
2
67
0.000000
4
0.000000
0.000000
0.000000
0.000000
0
0.250000
0
0
0
0.075123
0.262262
4.000000
57
1
1
59
0
0
18446744073709551615
62
2
68
0.000000
4
0.000000
0.000000
0.000000
0.000000
0
0.250000
0
0
0
0.966763
0.626239
4.000000
59
1
10
61
0
0
18446744073709551615
64
2
69
0.000000
4
0.000000
0.000000
0.000000
0.000000
0
0.250000
0
0
0
0.062313
0.167980
2.000000
61
1
0
63
0
0
18446744073709551615
66
2
70
0.000000
4
0.000000
0.000000
0.000000
0.000000
0
0.141588
0
0
0
0.000000
0.158494
1.000000
63
1
0
65
3
0.016667
0.141588
1
0
1
599
4
0.000000
0.000000
0.000000
1.000000
0.008333
0.141588
1
1
1
599
4
0.000000
0.000000
0.000000
1.000000
0.005556
0.141588
1
2
1
599
4
0.000000
0.000000
0.000000
1.000000
3
0.005556
0.141588
3
2
0
597
4
0.000000
0.000000
0.000000
1.000000
0.008333
0.141588
2
1
1
598
4
0.000000
0.000000
0.000000
1.000000
0.005556
0.141588
2
2
1
598
4
0.000000
0.000000
0.000000
1.000000
598
68
2
71
0.000000
4
0.000000
0.000000
0.000000
0.000000
0
0.237500
0
0
0
0.975531
0.693648
7.000000
65
1
3
67
0
0
18446744073709551615
69
2
72
0.000000
4
0.000000
0.000000
0.000000
0.000000
0
0.250000
0
0
0
0.066340
0.673951
6.000000
67
1
1
40
0
0
18446744073709551615
71
2
88
0.000000
4
0.000000
0.000000
0.000000
0.000000
0
0.013999
0
0
0
0.950000
0.475000
0.000000
40
1
51
70
0
0
18446744073709551615
73
2
89
0.000000
4
0.000000
0.000000
0.000000
0.000000
0
0.014315
0
0
0
0.977906
0.711175
8.000000
70
1
2
72
0
0
18446744073709551615
74
2
90
0.000000
4
0.000000
0.000000
0.000000
0.000000
0
0.093199
0
0
0
0.153597
0.264299
6.000000
72
1
1
49
0
0
18446744073709551615
78
2
103
0.000000
4
0.000000
0.000000
0.000000
0.000000
0
0.097222
0
0
0
0.950000
0.475000
0.000000
52
1
33
77
0
0
18446744073709551615
79
2
104
0.000000
4
0.000000
0.000000
0.000000
0.000000
0
0.100565
0
0
0
0.966763
0.626239
4.000000
77
1
3
57
0
0
18446744073709551615
81
2
105
0.000000
4
0.000000
0.000000
0.000000
0.000000
0
0.097222
0
0
0
0.051316
0.118347
1.000000
57
1
1
80
0
0
18446744073709551615
82
2
106
0.000000
4
0.000000
0.000000
0.000000
0.000000
0
0.100565
0
0
0
0.966763
0.626239
4.000000
80
1
2
57
0
0
18446744073709551615
87
2
110
0.000000
4
0.000000
0.000000
0.000000
0.000000
0
0.138586
0
0
0
0.000000
0.522881
1.000000
63
1
0
86
3
0.016667
0.138586
1
0
1
599
4
0.000000
0.000000
0.000000
1.000000
0.008333
0.138586
1
1
1
599
4
0.000000
0.000000
0.000000
1.000000
0.005556
0.138586
1
2
1
599
4
0.000000
0.000000
0.000000
1.000000
3
0.005556
0.138586
3
2
0
597
4
0.000000
0.000000
0.000000
1.000000
0.008333
0.138586
2
1
1
598
4
0.000000
0.000000
0.000000
1.000000
0.005556
0.138586
2
2
1
598
4
0.000000
0.000000
0.000000
1.000000
598
88
2
111
0.000000
4
0.000000
0.000000
0.000000
0.000000
0
0.237500
0
0
0
0.954853
0.522881
1.000000
86
1
4
67
0
0
18446744073709551615
93
2
129
0.000000
4
0.000000
0.000000
0.000000
0.000000
0
0.013732
0
0
0
0.050006
0.123085
1.000000
72
1
1
92
0
0
18446744073709551615
94
2
130
0.000000
4
0.000000
0.000000
0.000000
0.000000
0
0.014315
0
0
0
0.959234
0.562950
2.000000
92
1
3
72
0
0
18446744073709551615
100
2
148
0.000000
4
0.000000
0.000000
0.000000
0.000000
0
0.250000
0
0
0
0.144715
0.155691
2.000000
57
1
1
99
0
0
18446744073709551615
101
2
149
0.000000
4
0.000000
0.000000
0.000000
0.000000
0
0.250000
0
0
0
0.959234
0.562950
2.000000
99
1
10
61
0
0
18446744073709551615
102
2
150
0.000000
4
0.000000
0.000000
0.000000
0.000000
0
0.250000
0
0
0
0.061715
0.247096
1.000000
61
1
0
13
0
0
18446744073709551615
106
2
164
0.000000
4
0.000000
0.000000
0.000000
0.000000
0
0.248720
0
0
0
0.950000
0.475000
0.000000
13
1
24
105
0
0
18446744073709551615
108
2
165
0.000000
4
0.000000
0.000000
0.000000
0.000000
0
0.250000
0
0
0
0.954853
0.522881
1.000000
105
1
3
107
0
0
18446744073709551615
109
2
166
0.000000
4
0.000000
0.000000
0.000000
0.000000
0
0.000000
0
0
0
0.339147
0.475000
0.000000
107
1
1
107
0
0
18446744073709551615
110
2
167
0.000000
4
0.000000
0.000000
0.000000
0.000000
0
0.250000
0
0
0
0.954853
0.522881
1.000000
107
1
1
22
0
0
18446744073709551615
114
2
186
0.000000
4
0.000000
0.000000
0.000000
0.000000
0
0.250000
0
0
0
0.950000
0.475000
0.000000
25
1
33
113
0
0
18446744073709551615
115
2
187
0.000000
4
0.000000
0.000000
0.000000
0.000000
0
0.250000
0
0
0
0.950000
0.475000
0.000000
113
1
2
34
0
0
18446744073709551615
118
2
190
0.000000
4
0.000000
0.000000
0.000000
0.000000
0
0.231689
0
0
0
0.532653
0.329818
1.454545
38
1
0
65
0
0
18446744073709551615
129
2
223
0.000000
4
0.000000
0.000000
0.000000
0.000000
0
0.097222
0
0
0
0.080773
0.118347
1.000000
57
1
1
77
0
0
18446744073709551615
134
2
227
0.000000
4
0.000000
0.000000
0.000000
0.000000
0
0.250000
0
0
0
0.059588
0.475000
0.000000
61
1
0
133
0
0
18446744073709551615
142
2
243
0.000000
4
0.000000
0.000000
0.000000
0.000000
0
0.185655
0
0
0
0.950000
0.475000
0.000000
133
1
24
141
0
0
18446744073709551615
143
2
244
0.000000
4
0.000000
0.000000
0.000000
0.000000
0
0.000000
0
0
0
0.950000
0.475000
0.000000
141
1
4
141
0
0
18446744073709551615
145
2
245
0.000000
4
0.000000
0.000000
0.000000
0.000000
0
0.195427
0
0
0
0.950000
0.475000
0.000000
141
1
4
144
0
0
18446744073709551615
147
2
246
0.000000
4
0.000000
0.000000
0.000000
0.000000
0
0.205712
0
0
0
0.950000
0.475000
0.000000
144
1
1
146
0
0
18446744073709551615
149
2
247
0.000000
4
0.000000
0.000000
0.000000
0.000000
0
0.215439
0
0
0
0.954853
0.522881
1.000000
146
1
6
148
0
0
18446744073709551615
151
2
248
0.000000
4
0.000000
0.000000
0.000000
0.000000
0
0.225625
0
0
0
0.954853
0.522881
1.000000
148
1
5
150
0
0
18446744073709551615
159
2
265
0.000000
4
0.000000
0.000000
0.000000
0.000000
0
0.237500
0
0
0
0.950000
0.475000
0.000000
150
1
33
67
0
0
18446744073709551615
171
2
298
0.000000
4
0.000000
0.000000
0.000000
0.000000
0
0.095537
0
0
0
0.950000
0.475000
0.000000
52
1
33
170
0
0
18446744073709551615
172
2
299
0.000000
4
0.000000
0.000000
0.000000
0.000000
0
0.100565
0
0
0
0.950000
0.475000
0.000000
170
1
4
57
0
0
18446744073709551615
179
2
336
0.000000
4
0.000000
0.000000
0.000000
0.000000
0
0.250000
0
0
0
0.950000
0.475000
0.000000
25
1
33
34
0
0
18446744073709551615
187
2
354
0.000000
4
0.000000
0.000000
0.000000
0.000000
0
0.013999
0
0
0
0.083736
0.160836
2.000000
72
1
1
70
0
0
18446744073709551615
193
2
369
0.000000
4
0.000000
0.000000
0.000000
0.000000
0
0.097222
0
0
0
0.950000
0.475000
0.000000
52
1
33
80
0
0
18446744073709551615
204
2
391
0.000000
4
0.000000
0.000000
0.000000
0.000000
0
0.013732
0
0
0
0.950000
0.475000
0.000000
40
1
51
92
0
0
18446744073709551615
215
2
418
0.000000
4
0.000000
0.000000
0.000000
0.000000
0
0.231689
0
0
0
0.339147
0.475000
0.000000
61
1
0
65
0
0
18446744073709551615
233
2
457
0.000000
4
0.000000
0.000000
0.000000
0.000000
0
0.250000
0
0
0
0.950000
0.475000
0.000000
61
1
0
232
0
0
18446744073709551615
239
2
473
0.000000
4
0.000000
0.000000
0.000000
0.000000
0
0.205712
0
0
0
0.950000
0.475000
0.000000
232
1
24
146
0
0
18446744073709551615
243
2
491
0.000000
4
0.000000
0.000000
0.000000
0.000000
0
0.231689
0
0
0
0.950000
0.475000
0.000000
150
1
33
65
0
0
18446744073709551615
245
2
493
0.000000
4
0.000000
0.000000
0.000000
0.000000
0
0.231689
0
0
0
0.163501
0.247096
1.000000
67
1
1
65
0
0
18446744073709551615
247
2
495
0.000000
4
0.000000
0.000000
0.000000
0.000000
0
0.250000
0
0
0
0.169754
0.475000
0.000000
67
1
1
13
0
0
18446744073709551615
254
2
531
0.000000
4
0.000000
0.000000
0.000000
0.000000
0
0.250000
0
0
0
0.950000
0.475000
0.000000
25
1
33
253
0
0
18446744073709551615
255
2
532
0.000000
4
0.000000
0.000000
0.000000
0.000000
0
0.250000
0
0
0
0.954853
0.522881
1.000000
253
1
3
34
0
0
18446744073709551615
256
2
533
0.000000
4
0.000000
0.000000
0.000000
0.000000
0
0.250000
0
0
0
0.339147
0.475000
0.000000
34
1
1
253
0
0
18446744073709551615
260
2
537
0.000000
4
0.000000
0.000000
0.000000
0.000000
0
0.250000
0
0
0
0.950000
0.475000
0.000000
38
1
0
63
0
0
18446744073709551615
265
2
542
0.000000
4
0.000000
0.000000
0.000000
0.000000
0
0.250000
0
0
0
0.950000
0.475000
0.000000
67
1
1
63
0
0
18446744073709551615
0.000000
0
-1.000000
0.000000
0.000000
0
0
3
9
-1.000000
-1.000000
-1.000000
-1.000000
1.000000
0.000000
0.000000
-1.000000
-1.000000
0
5
13
22
38
105
107
18446744073709551615
18446744073709551615
1.000000
1
9
-1.000000
-1.000000
-1.000000
-1.000000
2.000000
0.000000
0.000000
-1.000000
-1.000000
0
6
40
49
61
70
72
92
18446744073709551615
18446744073709551615
1.000000
1
9
-1.000000
-1.000000
-1.000000
-1.000000
3.000000
0.000000
0.000000
-1.000000
-1.000000
0
5
63
65
67
86
150
18446744073709551615
18446744073709551615
1.000000
1
0.000000
1
1.000000
0.000000
0.000000
0
0
1
9
-1.000000
-1.000000
-1.000000
1.000000
-1.000000
-1.000000
0.000000
0.000000
0.000000
0
4
38
61
63
133
18446744073709551615
18446744073709551615
1.000000
1
0.000000
2
1.000000
0.000000
0.000000
0
0
1
9
-1.000000
-1.000000
-1.000000
1.000000
-1.000000
-1.000000
0.000000
0.000000
0.000000
0
4
38
61
63
133
18446744073709551615
18446744073709551615
1.000000
1
1.000000
3
1.000000
1.000000
0.000000
0
0
1
9
-1.000000
-1.000000
-1.000000
1.000000
-1.000000
-1.000000
0.000000
-1.000000
-1.000000
0
10
13
36
38
40
59
61
63
99
133
232
18446744073709551615
18446744073709551615
1.000000
1
1
1
2.000000
0.000000
0.000000
1.000000
1.000000
0.000000
0.000000
1.000000
0.000000
13
0.000000
1
2.000000
0.000000
0.000000
1.000000
1.000000
0.000000
1.000000
1.000000
0.000000
14
1.000000
1
2.000000
0.000000
0.000000
5.000000
1.000000
0.000000
1.000000
0.000000
0.000000
15
17.000000
1
2.000000
0.000000
0.000000
0.000000
1.000000
0.000000
1.000000
0.000000
0.000000
16
25.000000
1
2.000000
4.000000
0.000000
0.000000
1.000000
0.000000
1.000000
0.000000
0.000000
17
16.000000
1
2.000000
3.000000
0.000000
0.000000
1.000000
0.000000
1.000000
0.000000
0.000000
18
1.000000
1
1.000000
4.000000
0.000000
0.000000
1.000000
0.000000
1.000000
0.000000
0.000000
19
2.000000
1
1.000000
2.000000
0.000000
0.000000
1.000000
0.000000
1.000000
0.000000
0.000000
20
4.000000
1
1.000000
1.000000
0.000000
0.000000
1.000000
0.000000
1.000000
0.000000
0.000000
21
1.000000
1
1.000000
1.000000
0.000000
0.000000
1.000000
0.000000
0.000000
0.000000
0.000000
22
1.000000
1
1.000000
0.000000
0.000000
0.000000
1.000000
2.000000
0.000000
0.000000
0.000000
25
5.000000
1
1.000000
0.000000
0.000000
0.000000
1.000000
2.000000
1.000000
0.000000
0.000000
27
1.000000
1
2.000000
0.000000
0.000000
0.000000
1.000000
2.000000
1.000000
0.000000
0.000000
28
1.000000
1
2.000000
0.000000
0.000000
1.000000
1.000000
2.000000
1.000000
1.000000
0.000000
29
2.000000
1
2.000000
0.000000
0.000000
5.000000
1.000000
2.000000
1.000000
0.000000
0.000000
30
17.000000
1
2.000000
0.000000
0.000000
5.000000
1.000000
2.000000
0.000000
0.000000
0.000000
31
1.000000
1
2.000000
0.000000
0.000000
3.000000
1.000000
2.000000
0.000000
0.000000
0.000000
34
4.000000
1
2.000000
0.000000
0.000000
1.000000
1.000000
2.000000
0.000000
1.000000
0.000000
36
5.000000
1
2.000000
0.000000
0.000000
1.000000
1.000000
0.000000
0.000000
0.000000
0.000000
38
5.000000
1
2.000000
0.000000
0.000000
1.000000
2.000000
0.000000
0.000000
0.000000
1.000000
40
2.000000
1
2.000000
0.000000
0.000000
1.000000
2.000000
0.000000
1.000000
0.000000
1.000000
42
1.000000
1
2.000000
0.000000
0.000000
5.000000
2.000000
0.000000
1.000000
0.000000
0.000000
43
17.000000
1
2.000000
0.000000
0.000000
0.000000
2.000000
0.000000
1.000000
0.000000
0.000000
44
25.000000
1
2.000000
0.000000
4.000000
0.000000
2.000000
0.000000
1.000000
0.000000
0.000000
45
16.000000
1
0.000000
0.000000
4.000000
0.000000
2.000000
0.000000
1.000000
0.000000
0.000000
46
4.000000
1
0.000000
0.000000
3.000000
0.000000
2.000000
0.000000
1.000000
0.000000
0.000000
47
1.000000
1
0.000000
0.000000
1.000000
0.000000
2.000000
0.000000
1.000000
0.000000
0.000000
48
4.000000
1
0.000000
0.000000
1.000000
0.000000
2.000000
0.000000
0.000000
0.000000
0.000000
49
1.000000
1
0.000000
0.000000
0.000000
0.000000
2.000000
3.000000
0.000000
0.000000
0.000000
52
10.000000
1
0.000000
0.000000
0.000000
0.000000
2.000000
3.000000
1.000000
0.000000
0.000000
54
1.000000
1
2.000000
0.000000
0.000000
0.000000
2.000000
3.000000
1.000000
0.000000
0.000000
55
4.000000
1
2.000000
0.000000
0.000000
3.000000
2.000000
3.000000
1.000000
0.000000
0.000000
56
9.000000
1
2.000000
0.000000
0.000000
3.000000
2.000000
3.000000
0.000000
0.000000
0.000000
57
1.000000
1
2.000000
0.000000
0.000000
1.000000
2.000000
3.000000
0.000000
0.000000
1.000000
59
5.000000
1
2.000000
0.000000
0.000000
1.000000
2.000000
0.000000
0.000000
0.000000
0.000000
61
10.000000
1
2.000000
0.000000
0.000000
1.000000
3.000000
0.000000
0.000000
0.000000
0.000000
63
1.000000
1
2.000000
0.000000
0.000000
2.000000
3.000000
0.000000
0.000000
0.000000
0.000000
65
1.000000
1
2.000000
0.000000
0.000000
3.000000
3.000000
0.000000
0.000000
0.000000
0.000000
67
1.000000
1
0.000000
0.000000
4.000000
0.000000
2.000000
0.000000
0.000000
0.000000
0.000000
70
30.000000
1
0.000000
0.000000
3.000000
0.000000
2.000000
0.000000
0.000000
0.000000
0.000000
72
1.000000
1
2.000000
0.000000
0.000000
2.000000
2.000000
3.000000
1.000000
0.000000
0.000000
76
27.000000
1
2.000000
0.000000
0.000000
2.000000
2.000000
3.000000
0.000000
0.000000
0.000000
77
1.000000
1
2.000000
0.000000
0.000000
4.000000
2.000000
3.000000
0.000000
0.000000
0.000000
80
4.000000
1
2.000000
0.000000
0.000000
5.000000
3.000000
0.000000
0.000000
0.000000
0.000000
86
11.000000
1
0.000000
0.000000
2.000000
0.000000
2.000000
0.000000
0.000000
0.000000
0.000000
92
34.000000
1
2.000000
0.000000
0.000000
1.000000
2.000000
3.000000
0.000000
1.000000
0.000000
99
19.000000
1
1.000000
3.000000
0.000000
0.000000
1.000000
0.000000
1.000000
0.000000
0.000000
103
23.000000
1
1.000000
5.000000
0.000000
0.000000
1.000000
0.000000
1.000000
0.000000
0.000000
104
4.000000
1
1.000000
2.000000
0.000000
0.000000
1.000000
0.000000
0.000000
0.000000
0.000000
105
10.000000
1
1.000000
3.000000
0.000000
0.000000
1.000000
0.000000
0.000000
0.000000
0.000000
107
1.000000
1
2.000000
0.000000
0.000000
4.000000
1.000000
2.000000
1.000000
0.000000
0.000000
112
31.000000
1
2.000000
0.000000
0.000000
4.000000
1.000000
2.000000
0.000000
0.000000
0.000000
113
1.000000
1
2.000000
0.000000
0.000000
1.000000
0.000000
0.000000
0.000000
0.000000
0.000000
133
14.000000
1
2.000000
0.000000
0.000000
2.000000
0.000000
0.000000
1.000000
0.000000
0.000000
135
2.000000
1
2.000000
0.000000
0.000000
5.000000
0.000000
0.000000
1.000000
0.000000
0.000000
136
9.000000
1
2.000000
0.000000
0.000000
0.000000
0.000000
0.000000
1.000000
0.000000
0.000000
137
25.000000
1
1.000000
3.000000
0.000000
0.000000
0.000000
0.000000
1.000000
0.000000
0.000000
138
10.000000
1
1.000000
1.000000
0.000000
0.000000
0.000000
0.000000
1.000000
0.000000
0.000000
139
4.000000
1
1.000000
5.000000
0.000000
0.000000
0.000000
0.000000
1.000000
0.000000
0.000000
140
16.000000
1
1.000000
5.000000
0.000000
0.000000
0.000000
0.000000
0.000000
0.000000
0.000000
141
1.000000
1
1.000000
3.000000
0.000000
0.000000
0.000000
0.000000
0.000000
0.000000
0.000000
144
4.000000
1
1.000000
1.000000
0.000000
0.000000
0.000000
0.000000
0.000000
0.000000
0.000000
146
4.000000
1
1.000000
0.000000
0.000000
0.000000
0.000000
2.000000
0.000000
0.000000
0.000000
148
5.000000
1
1.000000
2.000000
0.000000
0.000000
3.000000
0.000000
0.000000
0.000000
0.000000
150
17.000000
1
1.000000
2.000000
0.000000
0.000000
3.000000
0.000000
1.000000
0.000000
0.000000
152
1.000000
1
1.000000
5.000000
0.000000
0.000000
3.000000
0.000000
1.000000
0.000000
0.000000
153
9.000000
1
1.000000
4.000000
0.000000
0.000000
3.000000
0.000000
1.000000
0.000000
0.000000
154
1.000000
1
2.000000
4.000000
0.000000
0.000000
3.000000
0.000000
1.000000
0.000000
0.000000
155
1.000000
1
2.000000
5.000000
0.000000
0.000000
3.000000
0.000000
1.000000
0.000000
0.000000
156
1.000000
1
2.000000
0.000000
0.000000
0.000000
3.000000
0.000000
1.000000
0.000000
0.000000
157
25.000000
1
2.000000
0.000000
0.000000
3.000000
3.000000
0.000000
1.000000
0.000000
0.000000
158
9.000000
1
2.000000
0.000000
0.000000
1.000000
2.000000
3.000000
1.000000
1.000000
0.000000
168
15.000000
1
2.000000
0.000000
0.000000
5.000000
2.000000
3.000000
1.000000
0.000000
0.000000
169
17.000000
1
2.000000
0.000000
0.000000
5.000000
2.000000
3.000000
0.000000
0.000000
0.000000
170
1.000000
1
2.000000
0.000000
0.000000
3.000000
1.000000
2.000000
1.000000
0.000000
0.000000
178
7.000000
1
2.000000
0.000000
0.000000
4.000000
2.000000
3.000000
1.000000
0.000000
0.000000
192
3.000000
1
0.000000
0.000000
2.000000
0.000000
2.000000
0.000000
1.000000
0.000000
0.000000
203
33.000000
1
2.000000
0.000000
0.000000
1.000000
0.000000
0.000000
0.000000
1.000000
0.000000
232
15.000000
1
2.000000
0.000000
0.000000
1.000000
0.000000
0.000000
1.000000
1.000000
0.000000
234
1.000000
1
2.000000
3.000000
0.000000
0.000000
0.000000
0.000000
1.000000
0.000000
0.000000
235
11.000000
1
1.000000
4.000000
0.000000
0.000000
0.000000
0.000000
1.000000
0.000000
0.000000
236
2.000000
1
2.000000
5.000000
0.000000
0.000000
0.000000
0.000000
1.000000
0.000000
0.000000
237
2.000000
1
1.000000
2.000000
0.000000
0.000000
0.000000
0.000000
1.000000
0.000000
0.000000
238
10.000000
1
2.000000
0.000000
0.000000
2.000000
3.000000
0.000000
1.000000
0.000000
0.000000
242
18.000000
1
2.000000
0.000000
0.000000
2.000000
1.000000
2.000000
1.000000
0.000000
0.000000
252
8.000000
1
2.000000
0.000000
0.000000
2.000000
1.000000
2.000000
0.000000
0.000000
0.000000
253
1.000000
0
11
12
