test_error_pct
0.0
0.0
0.0
0.0
0.0
0.0
0.0
0.0
0.0
0.0
0.0
0.0
0.0
0.0
0.0
0.0
0.0
0.0
0.0
0.0
0.0
0.0
0.0
0.0
0.0
0.0
0.0
0.0
0.0
0.0
0.0
0.0
0.0
0.0
0.0
0.0
0.0
0.0
0.0
0.0
0.0
0.0
0.0
0.0
0.0
0.0
0.0
0.0
0.0
0.0
0.0
0.0
0.0
0.0
0.0
0.0
0.0
0.0
0.0
0.0
0.0
0.0
0.0
0.0
0.0
0.0
0.0
0.0
0.0
0.0
0.0
0.0
0.0
0.0
0.0
0.0
0.0
0.0
0.0
0.0
0.0
0.0
0.0
0.0
0.0
0.0
0.0
0.0
0.0
0.0
0.0
0.0
0.0
0.0
0.0
0.0
0.0
0.0
0.0
0.0
0.0
0.0
0.0
0.0
0.0
0.0
0.0
0.0
0.0
0.0
0.0
0.0
0.0
0.0
0.0
0.0
0.0
0.0
0.0
0.0
0.0
0.0
0.0
0.0
0.0
0.0
0.0
0.0
0.0
0.0
0.0
0.0
0.0
0.0
0.0
0.0
0.0
0.0
0.0
0.0
0.0
0.0
0.0
0.0
0.0
0.0
0.0
0.0
0.0
0.0
0.0
0.0
0.0
0.0
0.0
0.0
0.0
0.0
0.0
0.0
0.0
0.0
0.0
0.0
0.0
0.0
0.0
0.0
0.0
0.0
0.0
0.0
0.0
0.0
0.0
0.0
0.0
0.0
0.0
0.0
0.0
0.0
0.0
0.0
0.0
0.0
0.0
0.0
0.0
0.0
0.0
0.0
0.0
0.0
0.0
0.0
0.0
0.0
0.0
0.0
0.0
0.0
0.0
0.0
0.0
0.0
0.0
0.0
0.0
0.0
0.0
0.0
0.0
0.0
0.0
0.0
0.0
0.0
0.0
0.0
0.0
0.0
0.0
0.0
0.0
0.0
0.0
0.0
0.0
0.0
0.0
0.0
0.0
0.0
0.0
0.0
0.0
0.0
0.0
0.0
22.222223
0.0
0.0
0.0
16.666668
0.0
0.0
0.0
26.666668
0.0
0.0
0.0
14.285715
0.0
0.0
0.0
16.666668
0.0
0.0
0.0
20.0
20.0
20.0
20.0
10.0
10.0
10.0
10.0
16.0
16.0
16.0
16.0
20.0
20.0
20.0
20.0
15.000001
15.000001
15.000001
15.000001
20.0
20.0
20.0
20.0
10.0
10.0
10.0
10.0
16.0
16.0
16.0
16.0
20.0
20.0
20.0
20.0
15.000001
15.000001
15.000001
15.000001
11.111112
11.111112
11.111112
11.111112
33.333336
33.333336
33.333336
33.333336
33.333336
33.333336
33.333336
33.333336
28.57143
28.57143
28.57143
28.57143
33.333336
33.333336
33.333336
33.333336
20.0
20.0
20.0
20.0
50.0
50.0
50.0
50.0
20.0
20.0
20.0
20.0
22.857143
22.857143
22.857143
22.857143
17.5
17.5
17.5
17.5
20.0
20.0
20.0
20.0
50.0
50.0
50.0
50.0
20.0
20.0
20.0
20.0
22.857143
22.857143
22.857143
22.857143
17.5
17.5
17.5
17.5
0.0
0.0
0.0
0.0
0.0
0.0
0.0
0.0
0.0
0.0
0.0
0.0
0.0
0.0
0.0
0.0
0.0
0.0
0.0
0.0
0.0
0.0
0.0
0.0
0.0
0.0
0.0
0.0
0.0
0.0
0.0
0.0
0.0
0.0
0.0
0.0
0.0
0.0
0.0
0.0
0.0
0.0
0.0
0.0
0.0
0.0
0.0
0.0
0.0
0.0
0.0
0.0
0.0
0.0
0.0
0.0
0.0
0.0
0.0
0.0
33.333336
11.111112
0.0
0.0
25.0
33.333336
0.0
0.0
26.666668
26.666668
0.0
0.0
23.809525
33.333336
0.0
0.0
25.0
20.833332
0.0
0.0
13.333334
20.833332
20.833332
20.833332
15.000001
31.25
31.25
31.25
12.0
20.0
20.0
20.0
11.428572
28.57143
28.57143
28.57143
17.5
31.25
31.25
31.25
14.285715
0.0
0.0
0.0
10.714286
0.0
0.0
0.0
8.571429
0.0
0.0
0.0
6.122449
0.0
0.0
0.0
8.928572
0.0
0.0
0.0
22.222223
22.222223
22.222223
22.222223
33.333336
8.333334
8.333334
8.333334
26.666668
20.0
20.0
20.0
28.57143
19.047619
19.047619
19.047619
29.166666
25.0
25.0
25.0
60.000004
0.0
0.0
0.0
20.0
0.0
0.0
0.0
16.0
0.0
0.0
0.0
17.142859
0.0
0.0
0.0
12.5
0.0
0.0
0.0
9.523809
9.523809
9.523809
9.523809
7.1428576
7.1428576
7.1428576
7.1428576
11.428572
11.428572
11.428572
11.428572
14.285715
14.285715
14.285715
14.285715
17.857143
17.857143
17.857143
17.857143
0.0
0.0
0.0
0.0
0.0
0.0
0.0
0.0
0.0
0.0
0.0
0.0
0.0
0.0
0.0
0.0
0.0
0.0
0.0
0.0
0.0
0.0
0.0
0.0
0.0
0.0
0.0
0.0
0.0
0.0
0.0
0.0
0.0
0.0
0.0
0.0
0.0
0.0
0.0
0.0
0.0
0.0
0.0
0.0
0.0
0.0
0.0
0.0
0.0
0.0
0.0
0.0
0.0
0.0
0.0
0.0
0.0
0.0
0.0
0.0
11.111112
33.333336
22.222223
22.222223
33.333336
25.0
25.0
16.666668
20.0
26.666668
26.666668
13.333334
19.047619
33.333336
19.047619
0.0
12.5
29.166666
20.833332
0.0
20.0
20.833332
20.833332
20.833332
15.000001
43.75
43.75
43.75
12.0
45.0
45.0
45.0
11.428572
19.642857
19.642857
19.642857
17.5
35.9375
35.9375
35.9375
9.523809
0.0
0.0
0.0
7.1428576
0.0
0.0
0.0
8.571429
0.0
0.0
0.0
14.285715
0.0
0.0
0.0
8.928572
0.0
0.0
0.0
33.333336
22.222223
0.0
0.0
16.666668
33.333336
0.0
0.0
20.0
33.333336
0.0
0.0
28.57143
33.333336
0.0
0.0
29.166666
16.666668
0.0
0.0
20.0
0.0
0.0
0.0
10.0
0.0
0.0
0.0
40.0
0.0
0.0
0.0
14.285715
0.0
0.0
0.0
15.000001
0.0
0.0
0.0
19.047619
19.047619
19.047619
19.047619
7.1428576
7.1428576
7.1428576
7.1428576
11.428572
11.428572
11.428572
11.428572
10.204082
10.204082
10.204082
10.204082
17.857143
17.857143
17.857143
17.857143
0.0
0.0
0.0
0.0
0.0
0.0
0.0
0.0
0.0
0.0
0.0
0.0
0.0
0.0
0.0
0.0
0.0
0.0
0.0
0.0
0.0
0.0
0.0
0.0
0.0
0.0
4.5454545
0.0
0.0
0.0
0.0
0.0
0.0
0.0
4.5454545
0.0
0.0
0.0
4.5454545
0.0
0.0
0.0
0.0
0.0
0.0
0.0
0.0
0.0
0.0
0.0
0.0
0.0
0.0
0.0
0.0
0.0
0.0
0.0
0.0
0.0
22.222223
33.333336
11.111112
22.222223
33.333336
25.0
16.666668
33.333336
33.333336
20.0
26.666668
26.666668
19.047619
14.285715
19.047619
9.523809
16.666668
12.5
20.833332
12.5
20.0
36.363636
0.0
0.0
5.0
27.272728
0.0
0.0
16.0
38.181816
0.0
0.0
5.714286
28.57143
0.0
0.0
10.0
23.863636
0.0
0.0
14.285715
69.69697
69.69697
69.69697
14.285715
57.954544
57.954544
57.954544
11.428572
45.454548
45.454548
45.454548
8.163265
40.909092
40.909092
40.909092
10.714286
38.636364
38.636364
38.636364
22.222223
33.333336
11.111112
0.0
33.333336
33.333336
16.666668
0.0
20.0
33.333336
6.666667
0.0
28.57143
33.333336
9.523809
0.0
29.166666
29.166666
20.833332
0.0
20.0
48.484848
48.484848
48.484848
10.0
61.363636
61.363636
61.363636
12.0
45.454548
45.454548
45.454548
14.285715
59.740257
59.740257
59.740257
20.0
54.545456
54.545456
54.545456
14.285715
38.88889
38.88889
38.88889
10.714286
41.666664
41.666664
41.666664
31.428572
36.666668
36.666668
36.666668
14.285715
46.42857
46.42857
46.42857
14.285715
31.25
31.25
31.25
0.0
0.0
0.0
0.0
0.0
0.0
0.0
0.0
0.0
0.0
0.0
0.0
0.0
0.0
0.0
0.0
0.0
0.0
0.0
0.0
0.0
0.0
4.0
0.0
0.0
0.0
4.0
0.0
0.0
0.0
4.0
0.0
0.0
0.0
4.0
0.0
0.0
0.0
4.0
0.0
0.0
0.0
0.0
0.83682007
0.0
0.0
1.923077
0.83682007
0.0
0.0
1.923077
0.83682007
0.0
0.0
0.0
0.83682007
0.0
0.0
1.923077
0.83682007
22.222223
22.222223
33.333336
22.222223
16.666668
33.333336
33.333336
0.0
20.0
13.333334
20.0
6.666667
19.047619
23.809525
23.809525
14.285715
20.833332
25.0
25.0
20.833332
6.666667
60.606064
33.333336
3.508772
15.000001
31.818182
35.526314
1.3157895
12.0
47.272728
45.26316
3.1578946
11.428572
46.753246
35.714287
5.263158
15.000001
26.136362
36.25
3.2894738
9.523809
70.37037
0.0
0.0
7.1428576
51.851852
0.0
0.0
11.428572
42.22222
0.0
0.0
6.122449
48.677246
0.0
0.0
3.5714288
43.51852
0.0
0.0
22.222223
33.333336
11.111112
33.333336
16.666668
33.333336
33.333336
8.333334
26.666668
33.333336
26.666668
20.0
28.57143
28.57143
23.809525
19.047619
16.666668
33.333336
20.833332
20.833332
13.333334
69.69697
0.0
0.0
15.000001
50.0
0.0
0.0
44.0
60.000004
0.0
0.0
17.142859
62.33766
0.0
0.0
22.5
48.863636
0.0
0.0
19.047619
63.636364
63.636364
63.636364
17.857143
61.363636
61.363636
61.363636
11.428572
60.000004
60.000004
60.000004
14.285715
59.740257
59.740257
59.740257
14.285715
55.68182
55.68182
55.68182
