test_error_pct
0.0
0.0
0.0
0.0
0.0
0.0
0.0
0.0
0.0
0.0
0.0
0.0
0.0
0.0
0.0
0.0
0.0
0.0
0.0
0.0
0.0
0.0
0.0
0.0
0.0
0.0
0.0
0.0
0.0
0.0
0.0
0.0
0.0
0.0
0.0
0.0
0.0
0.0
0.0
0.0
0.0
0.0
0.0
0.0
0.0
0.0
0.0
0.0
0.0
0.0
0.0
0.0
0.0
0.0
0.0
0.0
0.0
0.0
0.0
0.0
0.0
0.0
0.0
0.0
0.0
0.0
0.0
0.0
0.0
0.0
0.0
0.0
0.0
0.0
0.0
0.0
0.0
0.0
0.0
0.0
0.0
0.0
0.0
0.0
0.0
0.0
0.0
0.0
0.0
0.0
0.0
0.0
0.0
0.0
0.0
0.0
0.0
0.0
0.0
0.0
0.0
0.0
0.0
0.0
0.0
0.0
0.0
0.0
0.0
0.0
0.0
0.0
0.0
0.0
0.0
0.0
0.0
0.0
0.0
0.0
0.0
0.0
0.0
0.0
0.0
0.0
0.0
0.0
0.0
0.0
0.0
0.0
0.0
0.0
0.0
0.0
0.0
0.0
0.0
0.0
0.0
0.0
0.0
0.0
0.0
0.0
0.0
0.0
0.0
0.0
0.0
0.0
0.0
0.0
0.0
0.0
0.0
0.0
0.0
0.0
0.0
0.0
0.0
0.0
0.0
0.0
0.0
0.0
0.0
0.0
0.0
0.0
0.0
0.0
0.0
0.0
0.0
0.0
0.0
0.0
0.0
0.0
0.0
0.0
0.0
0.0
0.0
0.0
0.0
0.0
0.0
0.0
0.0
0.0
0.0
0.0
0.0
0.0
0.0
0.0
0.0
0.0
0.0
0.0
0.0
0.0
0.0
0.0
0.0
0.0
0.0
0.0
0.0
0.0
0.0
0.0
0.0
0.0
0.0
0.0
0.0
0.0
0.0
0.0
0.0
0.0
0.0
0.0
0.0
0.0
0.0
0.0
0.0
0.0
0.0
0.0
0.0
0.0
0.0
0.0
22.22
0.0
0.0
0.0
16.67
0.0
0.0
0.0
26.67
0.0
0.0
0.0
19.05
0.0
0.0
0.0
16.67
0.0
0.0
0.0
20.0
20.0
20.0
20.0
10.0
20.0
20.0
10.0
16.0
16.0
16.0
16.0
20.0
20.0
20.0
20.0
15.0
15.0
15.0
15.0
20.0
20.0
20.0
20.0
20.0
20.0
20.0
10.0
16.0
16.0
16.0
16.0
20.0
20.0
20.0
20.0
15.0
15.0
15.0
15.0
11.11
33.33
11.11
11.11
33.33
33.33
33.33
33.33
20.0
33.33
20.0
13.33
28.57
28.57
28.57
28.57
16.67
33.33
33.33
16.67
20.0
20.0
20.0
20.0
45.0
45.0
45.0
45.0
20.0
24.0
20.0
20.0
22.86
22.86
22.86
22.86
17.5
17.5
17.5
17.5
20.0
20.0
20.0
20.0
40.0
45.0
40.0
45.0
20.0
24.0
20.0
24.0
22.86
22.86
22.86
22.86
17.5
17.5
17.5
17.5
0.0
0.0
0.0
0.0
0.0
0.0
0.0
0.0
0.0
0.0
0.0
0.0
0.0
0.0
0.0
0.0
0.0
0.0
0.0
0.0
0.0
0.0
0.0
0.0
0.0
0.0
0.0
0.0
0.0
0.0
0.0
0.0
0.0
0.0
0.0
0.0
0.0
0.0
0.0
0.0
0.0
0.0
0.0
0.0
0.0
0.0
0.0
0.0
0.0
0.0
0.0
0.0
0.0
0.0
0.0
0.0
0.0
0.0
0.0
0.0
22.22
11.11
0.0
0.0
25.0
33.33
0.0
0.0
26.67
26.67
0.0
0.0
19.05
33.33
0.0
0.0
25.0
20.83
0.0
0.0
13.33
12.5
20.83
20.83
10.0
31.25
31.25
25.0
12.0
27.5
30.0
30.0
11.43
30.36
30.36
28.57
17.5
35.94
32.81
37.5
9.52
0.0
0.0
0.0
10.71
0.0
0.0
0.0
5.71
0.0
0.0
0.0
6.12
0.0
0.0
0.0
8.93
0.0
0.0
0.0
22.22
22.22
22.22
22.22
33.33
8.33
8.33
8.33
26.67
20.0
20.0
20.0
19.05
19.05
19.05
19.05
29.17
25.0
25.0
25.0
60.0
0.0
0.0
0.0
20.0
0.0
0.0
0.0
16.0
0.0
0.0
0.0
17.14
0.0
0.0
0.0
12.5
0.0
0.0
0.0
19.05
19.05
19.05
19.05
10.71
7.14
7.14
7.14
11.43
11.43
11.43
11.43
14.29
14.29
14.29
14.29
17.86
17.86
17.86
17.86
0.0
0.0
0.0
0.0
0.0
0.0
0.0
0.0
0.0
0.0
0.0
0.0
0.0
0.0
0.0
0.0
0.0
0.0
0.0
0.0
0.0
0.0
0.0
0.0
0.0
0.0
0.0
2.63
0.0
0.0
0.0
0.0
0.0
0.0
0.0
0.0
0.0
0.0
0.0
0.0
0.0
0.0
0.0
0.0
0.0
0.0
0.0
0.0
0.0
0.0
0.0
0.0
0.0
0.0
0.0
0.0
0.0
0.0
0.0
0.0
11.11
33.33
22.22
11.11
33.33
25.0
25.0
16.67
20.0
26.67
26.67
13.33
14.29
33.33
19.05
0.0
12.5
29.17
20.83
0.0
20.0
20.83
20.83
20.83
15.0
40.62
37.5
37.5
12.0
45.0
45.0
45.0
11.43
33.93
33.93
33.93
10.0
37.5
32.81
37.5
9.52
0.0
0.0
0.0
7.14
0.0
0.0
0.0
8.57
0.0
0.0
0.0
14.29
0.0
0.0
0.0
8.93
0.0
0.0
0.0
33.33
22.22
0.0
0.0
16.67
33.33
0.0
0.0
20.0
33.33
0.0
0.0
28.57
33.33
0.0
0.0
29.17
16.67
0.0
0.0
20.0
0.0
0.0
0.0
10.0
0.0
0.0
0.0
40.0
0.0
0.0
0.0
14.29
0.0
0.0
0.0
15.0
0.0
0.0
0.0
23.81
19.05
19.05
23.81
7.14
7.14
7.14
7.14
11.43
11.43
11.43
11.43
10.2
10.2
10.2
10.2
12.5
12.5
12.5
12.5
0.0
0.0
0.0
0.0
0.0
0.0
0.0
0.0
0.0
0.0
0.0
0.0
0.0
0.0
0.0
0.0
0.0
0.0
0.0
0.0
0.0
0.0
0.0
0.0
0.0
0.0
0.0
0.0
0.0
0.0
0.0
0.0
0.0
0.0
0.0
0.0
0.0
0.0
0.0
0.0
0.0
0.0
6.25
2.08
0.0
0.0
2.08
2.08
0.0
0.0
4.17
2.08
0.0
0.0
0.0
2.08
0.0
0.0
4.17
2.08
22.22
22.22
11.11
22.22
33.33
25.0
16.67
33.33
33.33
20.0
26.67
26.67
19.05
14.29
19.05
9.52
16.67
12.5
20.83
12.5
20.0
51.52
0.0
0.0
5.0
22.73
0.0
0.0
16.0
41.82
0.0
0.0
5.71
29.87
0.0
0.0
10.0
23.86
0.0
0.0
4.76
62.12
62.12
57.58
14.29
63.64
63.64
67.05
11.43
51.82
62.73
59.09
8.16
45.45
49.35
56.49
10.71
46.02
45.45
46.59
22.22
33.33
11.11
0.0
33.33
33.33
16.67
0.0
20.0
33.33
6.67
0.0
28.57
28.57
9.52
0.0
33.33
29.17
20.83
0.0
20.0
60.61
69.7
60.61
10.0
70.45
59.09
68.18
12.0
49.09
49.09
43.64
14.29
57.14
66.23
62.34
20.0
53.41
55.68
53.41
4.76
36.11
41.67
36.11
10.71
41.67
47.92
43.75
37.14
45.0
40.0
41.67
14.29
48.81
46.43
48.81
14.29
31.25
32.29
33.33
0.0
0.0
0.0
0.0
0.0
0.0
0.0
0.0
0.0
0.0
0.0
0.0
0.0
0.0
0.0
0.0
0.0
0.0
0.0
0.0
0.0
0.0
0.0
0.0
0.0
0.0
0.0
0.0
0.0
0.0
0.0
0.0
0.0
0.0
0.0
0.0
0.0
0.0
0.0
0.0
0.0
0.0
0.0
9.21
0.0
0.0
0.0
6.28
0.0
0.0
0.0
4.18
0.0
0.0
0.0
3.35
0.0
0.0
0.0
5.02
22.22
22.22
33.33
22.22
16.67
16.67
33.33
0.0
20.0
13.33
20.0
6.67
19.05
23.81
23.81
14.29
20.83
25.0
25.0
20.83
20.0
60.61
24.56
3.51
15.0
36.36
38.16
1.32
12.0
36.36
44.21
3.16
11.43
41.56
37.86
5.26
15.0
25.0
36.25
3.29
9.52
75.31
0.0
0.0
7.14
54.63
0.0
0.0
11.43
47.41
0.0
0.0
6.12
43.39
0.0
0.0
3.57
28.24
0.0
0.0
22.22
33.33
11.11
33.33
16.67
25.0
33.33
8.33
26.67
20.0
26.67
20.0
28.57
28.57
23.81
19.05
16.67
33.33
20.83
20.83
13.33
72.73
0.0
0.0
10.0
54.55
0.0
0.0
28.0
69.09
0.0
0.0
11.43
64.94
0.0
0.0
22.5
55.68
0.0
0.0
14.29
75.76
65.15
72.73
14.29
64.77
62.5
70.45
8.57
61.82
62.73
60.0
14.29
59.74
68.18
64.29
12.5
71.02
66.48
68.75
