test_error_pct
0.0
0.0
0.0
0.0
0.0
0.0
0.0
0.0
0.0
0.0
0.0
0.0
0.0
0.0
0.0
0.0
0.0
0.0
0.0
0.0
0.0
0.0
0.0
0.0
0.0
0.0
0.0
0.0
0.0
0.0
0.0
0.0
0.0
0.0
0.0
0.0
0.0
0.0
0.0
0.0
0.0
0.0
0.0
0.0
0.0
0.0
0.0
0.0
0.0
0.0
0.0
0.0
0.0
0.0
0.0
0.0
0.0
0.0
0.0
0.0
0.0
0.0
0.0
0.0
0.0
0.0
0.0
0.0
0.0
0.0
0.0
0.0
0.0
0.0
0.0
0.0
0.0
0.0
0.0
0.0
0.0
0.0
0.0
0.0
0.0
0.0
0.0
0.0
0.0
0.0
0.0
0.0
0.0
0.0
0.0
0.0
0.0
0.0
0.0
0.0
0.0
0.0
0.0
0.0
0.0
0.0
0.0
0.0
0.0
0.0
0.0
0.0
0.0
0.0
0.0
0.0
0.0
0.0
0.0
0.0
0.0
0.0
0.0
0.0
0.0
0.0
0.0
0.0
0.0
0.0
0.0
0.0
0.0
0.0
0.0
0.0
0.0
0.0
0.0
0.0
0.0
0.0
0.0
0.0
0.0
0.0
0.0
0.0
0.0
0.0
0.0
0.0
0.0
0.0
0.0
0.0
0.0
0.0
0.0
0.0
0.0
0.0
0.0
0.0
0.0
0.0
0.0
0.0
0.0
0.0
0.0
0.0
0.0
0.0
0.0
0.0
0.0
0.0
0.0
0.0
0.0
0.0
0.0
0.0
0.0
0.0
0.0
0.0
0.0
0.0
0.0
0.0
0.0
0.0
0.0
0.0
0.0
0.0
0.0
0.0
0.0
0.0
0.0
0.0
0.0
0.0
0.0
0.0
0.0
0.0
0.0
0.0
0.0
0.0
0.0
0.0
0.0
0.0
0.0
0.0
0.0
0.0
0.0
0.0
0.0
0.0
0.0
0.0
0.0
0.0
0.0
0.0
0.0
0.0
0.0
0.0
0.0
0.0
0.0
0.0
0.0
0.0
0.0
0.0
0.0
0.0
0.0
0.0
0.0
0.0
0.0
0.0
0.0
0.0
0.0
0.0
0.0
0.0
0.0
0.0
0.0
0.0
0.0
0.0
0.0
0.0
0.0
0.0
0.0
0.0
0.0
0.0
0.0
0.0
0.0
0.0
0.0
0.0
0.0
0.0
0.0
0.0
0.0
0.0
0.0
0.0
0.0
0.0
0.0
0.0
0.0
0.0
0.0
0.0
0.0
0.0
0.0
0.0
0.0
0.0
0.0
0.0
0.0
0.0
0.0
0.0
0.0
0.0
0.0
0.0
0.0
0.0
0.0
0.0
0.0
0.0
0.0
0.0
0.0
0.0
0.0
0.0
0.0
0.0
0.0
0.0
0.0
0.0
0.0
0.0
0.0
0.0
0.0
0.0
0.0
0.0
0.0
0.0
0.0
0.0
0.0
0.0
0.0
0.0
0.0
0.0
0.0
0.0
0.0
0.0
0.0
0.0
0.0
0.0
0.0
0.0
0.0
0.0
0.0
0.0
0.0
0.0
0.0
0.0
0.0
0.0
0.0
0.0
0.0
0.0
0.0
0.0
0.0
0.0
0.0
0.0
0.0
0.0
0.0
0.0
0.0
0.0
0.0
0.0
0.0
0.0
0.0
0.0
0.0
0.0
0.0
0.0
0.0
0.0
0.0
0.0
0.0
0.0
0.0
0.0
0.0
0.0
0.0
0.0
0.0
0.0
0.0
0.0
0.0
0.0
0.0
0.0
0.0
0.0
0.0
0.0
0.0
0.0
0.0
0.0
0.0
0.0
0.0
0.0
0.0
0.0
0.0
0.0
0.0
0.0
0.0
0.0
0.0
0.0
0.0
0.0
0.0
0.0
0.0
0.0
0.0
0.0
0.0
0.0
0.0
0.0
0.0
0.0
0.0
0.0
0.0
0.0
0.0
0.0
0.0
0.0
0.0
0.0
0.0
0.0
0.0
0.0
0.0
0.0
0.0
0.0
0.0
0.0
0.0
0.0
0.0
0.0
0.0
0.0
0.0
0.0
0.0
0.0
0.0
0.0
22.22
22.22
0.0
0.0
0.0
0.0
0.0
0.0
16.67
16.67
0.0
0.0
0.0
0.0
0.0
0.0
26.67
26.67
0.0
0.0
0.0
0.0
0.0
0.0
14.29
14.29
0.0
0.0
0.0
0.0
0.0
0.0
16.67
16.67
0.0
0.0
0.0
0.0
0.0
0.0
20.0
20.0
20.0
33.33
20.0
20.0
20.0
33.33
20.0
10.0
20.0
20.0
20.0
20.0
20.0
10.0
20.0
16.0
20.0
20.0
20.0
20.0
12.0
28.0
8.57
20.0
20.0
28.57
20.0
28.57
20.0
20.0
12.5
12.5
20.0
20.0
20.0
12.5
15.0
12.5
20.0
20.0
20.0
33.33
20.0
33.33
20.0
33.33
10.0
20.0
10.0
20.0
20.0
20.0
20.0
20.0
20.0
12.0
20.0
24.0
16.0
28.0
20.0
16.0
20.0
20.0
20.0
28.57
8.57
20.0
8.57
8.57
12.5
20.0
12.5
27.5
12.5
20.0
20.0
27.5
33.33
33.33
11.11
33.33
11.11
11.11
33.33
22.22
33.33
33.33
33.33
33.33
33.33
33.33
33.33
25.0
33.33
33.33
33.33
33.33
33.33
33.33
33.33
33.33
33.33
33.33
28.57
33.33
33.33
33.33
19.05
28.57
33.33
33.33
33.33
16.67
33.33
33.33
33.33
16.67
20.0
26.67
20.0
20.0
20.0
26.67
26.67
20.0
50.0
45.0
55.0
50.0
50.0
45.0
50.0
45.0
24.0
28.0
24.0
20.0
28.0
24.0
24.0
24.0
25.71
28.57
22.86
25.71
22.86
25.71
28.57
22.86
17.5
22.5
17.5
17.5
17.5
22.5
25.0
25.0
20.0
26.67
20.0
20.0
20.0
20.0
20.0
26.67
55.0
55.0
50.0
45.0
50.0
45.0
40.0
40.0
32.0
24.0
24.0
24.0
24.0
28.0
28.0
36.0
22.86
25.71
22.86
28.57
22.86
25.71
25.71
25.71
25.0
17.5
17.5
20.0
20.0
20.0
30.0
22.5
0.0
0.0
0.0
0.0
0.0
0.0
0.0
0.0
0.0
0.0
0.0
0.0
0.0
0.0
0.0
0.0
0.0
0.0
0.0
0.0
0.0
0.0
0.0
0.0
0.0
0.0
0.0
0.0
0.0
0.0
0.0
0.0
0.0
0.0
0.0
0.0
0.0
0.0
0.0
0.0
0.0
0.0
0.0
0.0
0.0
0.0
0.0
0.0
0.0
0.0
0.0
0.0
0.0
0.0
0.0
0.0
0.0
0.0
0.0
0.0
0.0
0.0
0.0
0.0
0.0
0.0
0.0
0.0
0.0
0.0
0.0
0.0
0.0
0.0
0.0
0.0
0.0
0.0
0.0
0.0
0.0
0.0
0.0
0.0
0.0
0.0
0.0
0.0
0.0
0.0
0.0
0.0
0.0
0.0
0.0
0.0
0.0
0.0
0.0
0.0
0.0
0.0
0.0
0.0
0.0
0.0
0.0
0.0
0.0
0.0
8.33
0.0
0.0
0.0
0.0
0.0
8.33
0.0
0.0
0.0
22.22
22.22
11.11
11.11
0.0
0.0
0.0
0.0
25.0
33.33
33.33
33.33
0.0
0.0
0.0
0.0
26.67
33.33
26.67
26.67
0.0
0.0
0.0
0.0
33.33
33.33
33.33
33.33
0.0
0.0
0.0
0.0
29.17
29.17
33.33
16.67
0.0
0.0
0.0
0.0
20.0
13.33
16.67
16.67
16.67
16.67
12.5
16.67
10.0
30.0
31.25
37.5
28.12
34.38
28.12
37.5
12.0
12.0
22.5
27.5
22.5
22.5
35.0
20.0
11.43
11.43
30.36
26.79
25.0
26.79
25.0
28.57
17.5
30.0
32.81
34.38
35.94
26.56
29.69
26.56
14.29
14.29
0.0
0.0
0.0
0.0
0.0
0.0
7.14
21.43
0.0
0.0
0.0
0.0
0.0
0.0
14.29
22.86
0.0
0.0
0.0
0.0
0.0
0.0
12.24
16.33
0.0
0.0
0.0
0.0
0.0
0.0
14.29
8.93
0.0
0.0
0.0
0.0
0.0
0.0
33.33
33.33
22.22
22.22
22.22
22.22
22.22
22.22
33.33
33.33
8.33
8.33
8.33
8.33
8.33
8.33
33.33
20.0
20.0
20.0
20.0
20.0
20.0
20.0
23.81
19.05
19.05
19.05
19.05
19.05
19.05
19.05
33.33
33.33
25.0
25.0
25.0
25.0
25.0
25.0
46.67
46.67
0.0
0.0
0.0
0.0
0.0
0.0
20.0
25.0
0.0
0.0
0.0
0.0
0.0
0.0
16.0
36.0
0.0
0.0
0.0
0.0
0.0
0.0
17.14
17.14
0.0
0.0
0.0
0.0
0.0
0.0
12.5
12.5
0.0
0.0
0.0
0.0
0.0
0.0
23.81
14.29
28.57
19.05
19.05
23.81
23.81
28.57
10.71
7.14
10.71
10.71
10.71
10.71
10.71
10.71
11.43
20.0
11.43
11.43
11.43
14.29
11.43
14.29
14.29
18.37
18.37
10.2
18.37
18.37
14.29
18.37
19.64
17.86
19.64
19.64
17.86
17.86
17.86
19.64
0.0
0.0
0.0
0.0
0.0
0.0
0.0
0.0
0.0
0.0
0.0
0.0
0.0
0.0
0.0
0.0
0.0
0.0
0.0
0.0
0.0
0.0
0.0
0.0
0.0
0.0
0.0
0.0
0.0
0.0
0.0
0.0
0.0
0.0
0.0
0.0
0.0
0.0
0.0
0.0
0.0
0.0
0.0
0.0
0.0
0.0
2.63
0.0
0.0
0.0
0.0
0.0
0.0
0.0
2.63
0.0
0.0
0.0
0.0
0.0
0.0
0.0
2.63
2.63
0.0
0.0
0.0
0.0
0.0
0.0
2.63
0.0
0.0
0.0
0.0
0.0
0.0
0.0
2.63
2.63
0.0
0.0
0.0
0.0
3.7
0.0
3.7
0.0
0.0
0.0
0.0
0.0
3.7
0.0
3.7
0.0
0.0
0.0
0.0
0.0
3.7
0.0
3.7
0.0
0.0
0.0
0.0
0.0
3.7
0.0
3.7
0.0
0.0
0.0
0.0
0.0
3.7
0.0
3.7
0.0
11.11
11.11
33.33
33.33
22.22
22.22
11.11
11.11
33.33
33.33
33.33
33.33
25.0
25.0
16.67
16.67
20.0
20.0
33.33
33.33
26.67
26.67
13.33
13.33
19.05
14.29
33.33
33.33
19.05
19.05
0.0
0.0
12.5
20.83
33.33
33.33
20.83
20.83
0.0
0.0
20.0
20.0
20.83
20.83
25.0
20.83
25.0
20.83
20.0
15.0
43.75
43.75
43.75
43.75
43.75
37.5
20.0
16.0
35.0
52.5
37.5
42.5
42.5
42.5
20.0
20.0
23.21
25.0
23.21
26.79
32.14
25.0
10.0
20.0
51.56
35.94
39.06
37.5
34.38
37.5
14.29
14.29
0.0
0.0
0.0
0.0
0.0
0.0
10.71
10.71
0.0
0.0
0.0
0.0
0.0
0.0
8.57
14.29
0.0
0.0
0.0
0.0
0.0
0.0
14.29
18.37
0.0
0.0
0.0
0.0
0.0
0.0
14.29
19.64
0.0
0.0
0.0
0.0
0.0
0.0
22.22
22.22
44.44
22.22
0.0
0.0
0.0
0.0
33.33
33.33
33.33
33.33
0.0
0.0
0.0
0.0
33.33
33.33
33.33
33.33
0.0
0.0
0.0
0.0
28.57
28.57
33.33
33.33
0.0
0.0
0.0
0.0
33.33
33.33
33.33
33.33
0.0
0.0
0.0
0.0
20.0
20.0
0.0
0.0
0.0
0.0
0.0
0.0
10.0
10.0
0.0
0.0
0.0
0.0
0.0
0.0
40.0
40.0
0.0
0.0
0.0
0.0
0.0
0.0
14.29
14.29
0.0
0.0
0.0
0.0
0.0
0.0
15.0
15.0
0.0
0.0
0.0
0.0
0.0
0.0
38.1
38.1
33.33
33.33
33.33
28.57
38.1
33.33
7.14
7.14
7.14
7.14
7.14
7.14
7.14
7.14
11.43
14.29
11.43
14.29
11.43
11.43
11.43
11.43
14.29
18.37
12.24
18.37
10.2
18.37
10.2
14.29
12.5
35.71
12.5
25.0
14.29
23.21
12.5
25.0
0.0
0.0
0.0
0.0
0.0
0.0
0.0
0.0
0.0
0.0
0.0
0.0
0.0
0.0
0.0
0.0
0.0
0.0
0.0
0.0
0.0
0.0
0.0
0.0
0.0
0.0
0.0
0.0
0.0
0.0
0.0
0.0
0.0
0.0
0.0
0.0
0.0
0.0
0.0
0.0
0.0
0.0
0.0
0.0
0.0
0.0
0.0
0.0
0.0
0.0
0.0
0.0
0.0
0.0
0.0
0.0
0.0
0.0
0.0
0.0
0.0
0.0
0.0
0.0
0.0
0.0
0.0
0.0
0.0
0.0
0.0
0.0
0.0
0.0
0.0
0.0
0.0
0.0
0.0
0.0
0.0
0.0
0.0
0.0
2.08
0.0
2.08
2.08
0.0
0.0
0.0
0.0
0.0
0.0
2.08
2.08
0.0
0.0
0.0
0.0
0.0
0.0
2.08
2.08
0.0
0.0
0.0
0.0
0.0
0.0
2.08
2.08
0.0
0.0
0.0
0.0
0.0
0.0
2.08
2.08
22.22
22.22
33.33
33.33
11.11
11.11
22.22
22.22
33.33
33.33
25.0
33.33
16.67
25.0
33.33
33.33
33.33
33.33
33.33
33.33
26.67
26.67
26.67
26.67
33.33
33.33
14.29
33.33
33.33
33.33
9.52
9.52
33.33
16.67
33.33
12.5
33.33
33.33
12.5
12.5
20.0
20.0
39.39
45.45
0.0
0.0
0.0
0.0
15.0
5.0
27.27
52.27
0.0
0.0
0.0
0.0
16.0
16.0
56.36
54.55
0.0
0.0
0.0
0.0
20.0
20.0
50.65
57.14
0.0
0.0
0.0
0.0
10.0
10.0
32.95
50.0
0.0
0.0
0.0
0.0
14.29
14.29
71.21
72.73
71.21
71.21
72.73
68.18
14.29
14.29
60.23
69.32
63.64
76.14
64.77
72.73
14.29
14.29
77.27
74.55
70.0
81.82
74.55
83.64
8.16
8.16
82.47
56.49
84.42
75.97
48.7
90.91
10.71
14.29
76.7
85.23
69.32
76.7
84.66
85.8
33.33
22.22
33.33
33.33
11.11
11.11
0.0
0.0
33.33
25.0
33.33
33.33
16.67
16.67
0.0
0.0
20.0
33.33
33.33
33.33
6.67
6.67
0.0
0.0
33.33
33.33
33.33
23.81
9.52
9.52
0.0
0.0
20.83
33.33
37.5
33.33
20.83
20.83
0.0
0.0
20.0
20.0
48.48
48.48
39.39
45.45
51.52
57.58
10.0
10.0
54.55
54.55
56.82
72.73
56.82
59.09
20.0
20.0
49.09
72.73
65.45
70.91
70.91
72.73
20.0
22.86
70.13
70.13
80.52
72.73
74.03
67.53
20.0
27.5
64.77
65.91
51.14
71.59
62.5
78.41
14.29
4.76
44.44
44.44
41.67
41.67
38.89
41.67
14.29
14.29
41.67
43.75
43.75
47.92
47.92
43.75
40.0
28.57
46.67
43.33
40.0
45.0
41.67
46.67
14.29
16.33
52.38
52.38
39.29
44.05
52.38
52.38
14.29
12.5
50.0
41.67
38.54
45.83
45.83
46.88
0.0
0.0
0.0
0.0
0.0
0.0
0.0
0.0
0.0
0.0
0.0
0.0
0.0
0.0
0.0
0.0
0.0
0.0
0.0
0.0
0.0
0.0
0.0
0.0
0.0
0.0
0.0
0.0
0.0
0.0
0.0
0.0
0.0
0.0
0.0
0.0
0.0
0.0
0.0
0.0
0.0
0.0
0.0
0.0
0.0
0.0
0.0
0.0
0.0
0.0
0.0
0.0
0.0
0.0
0.0
0.0
0.0
0.0
0.0
0.0
0.0
0.0
0.0
0.0
0.0
0.0
0.0
0.0
0.0
0.0
0.0
0.0
0.0
0.0
0.0
0.0
0.0
0.0
0.0
0.0
0.0
0.0
0.0
0.0
0.0
0.96
17.15
5.02
0.0
0.0
0.0
0.0
0.96
0.0
19.67
16.32
0.0
0.0
0.0
0.0
0.0
1.92
22.18
9.21
0.0
0.0
0.0
0.0
0.0
0.0
23.85
4.18
0.0
0.0
0.0
0.0
0.0
0.0
19.25
15.06
33.33
33.33
33.33
22.22
33.33
33.33
22.22
22.22
16.67
33.33
33.33
33.33
33.33
33.33
33.33
0.0
33.33
20.0
33.33
33.33
33.33
33.33
6.67
6.67
23.81
23.81
28.57
33.33
23.81
28.57
14.29
14.29
20.83
20.83
29.17
33.33
29.17
33.33
20.83
20.83
20.0
6.67
51.52
51.52
36.84
31.58
3.51
3.51
15.0
20.0
38.64
36.36
46.05
39.47
1.32
1.32
16.0
12.0
54.55
60.0
52.63
51.58
3.16
3.16
14.29
14.29
51.95
44.16
42.86
41.43
5.26
5.26
20.0
20.0
39.77
37.5
41.25
40.0
3.29
3.29
9.52
14.29
61.73
61.73
3.7
0.0
3.7
0.0
7.14
17.86
58.33
51.85
3.7
0.0
3.7
0.0
11.43
14.29
62.22
57.78
3.7
0.0
3.7
0.0
6.12
8.16
65.08
68.78
3.7
0.0
3.7
0.0
3.57
14.29
75.93
78.24
3.7
0.0
3.7
0.0
33.33
22.22
33.33
33.33
33.33
33.33
33.33
33.33
33.33
33.33
33.33
33.33
33.33
33.33
8.33
8.33
26.67
33.33
33.33
33.33
26.67
33.33
20.0
20.0
28.57
28.57
33.33
33.33
33.33
33.33
19.05
19.05
33.33
33.33
33.33
20.83
33.33
33.33
20.83
20.83
20.0
13.33
63.64
63.64
0.0
0.0
0.0
0.0
20.0
20.0
52.27
56.82
0.0
0.0
0.0
0.0
40.0
36.0
70.91
61.82
0.0
0.0
0.0
0.0
17.14
22.86
63.64
71.43
0.0
0.0
0.0
0.0
27.5
25.0
59.09
75.0
0.0
0.0
0.0
0.0
23.81
23.81
72.73
77.27
75.76
62.12
74.24
62.12
14.29
17.86
73.86
67.05
77.27
86.36
71.59
88.64
20.0
14.29
73.64
86.36
82.73
77.27
88.18
78.18
14.29
16.33
81.17
87.66
85.06
90.26
71.43
85.06
14.29
12.5
85.8
88.07
77.27
90.91
82.95
82.95
