11
"@(#) Mona format 11"
0.050000
0.950000
0.000000
0.010000
0.100000
0.900000
0.100000
0.000000
5
50
10.000000
2
3
500
1
2
3
0.000000
0
2
0
3
1
2
3
3
2
4
6
0.545455
0.272727
0.181818
0.545455
0.272727
0.181818
1
2
21
12
4
4517
1
0
21
1
1
1
1
1
1
1
1
1
1
1
1
1
1
1
1
1
1
1
1
1
0.000000
0
0
212
472446976
416790251
1677883450
3204099673
184914753
3203940718
3533824950
463948419
1406727709
3841767175
2980195779
2026307987
1550852212
3672594866
3225645354
2857065410
1260567361
1854499577
4018374979
715405741
1079274225
1576124029
359046496
3697191699
2681192287
1558560018
2973904724
1010387907
2040227601
1854095606
2207837488
514984449
1021537892
2675031831
2006178944
1014442534
177367485
4043515417
469480718
1881651743
425838173
330565925
656660195
1279803343
597440589
673795627
2577150450
4244402089
3932691439
2595025577
1829606808
3392907703
3360293907
720055703
724145786
2002670854
2742236855
393599801
1708194942
3519358546
2797031952
1498412953
1772230088
1397045746
2137169945
3715589939
2905426170
484443361
1913514523
1959657854
2596662175
4165617263
3831245225
2318764999
3246064494
2182085567
3613559460
2210130221
3612610376
2395264184
1286873620
1666112997
666041695
2751369020
918875759
1657843919
1424939756
1738456336
3841134327
2545340655
4224517821
2265052267
1280373491
2362002940
3978689530
1699246951
3564313436
2850491505
884434219
2501417987
1034957871
1276697600
1128796206
1502825017
3188738322
1457211028
454268569
4044876766
3783106340
1689773291
1483454787
277670807
478073975
3933481254
2489398110
2963280267
1553083431
880720331
424461860
2885504768
2260434061
2128724592
179166157
1134480433
1646118738
3838650022
673170106
17920768
492052996
2104334017
3846018271
3818594398
3850608571
249326420
4217728922
4000629666
3514589677
207361556
1184773263
1518848684
2220019831
1728813326
3422983511
1808877381
3233421085
4068537031
2466614590
169225999
4022134785
3677526469
853198313
2164346667
1106202754
2636699391
488879144
415552098
186079423
3855565836
3365454103
51751198
1414244322
2424999151
3102192654
877036990
2794666691
3455244841
1052838542
1996470664
1212348107
2005754668
2716489614
1218157490
926685642
2466615034
297806898
194909799
1881280505
3864961339
2411254082
2862043036
2840334775
3542790874
2656536604
2375768777
452687173
200629193
1106954668
3026634426
3655016153
3660152272
1853272552
4149508071
3718803924
105110976
3486211676
3236135475
3611879166
2814203531
1388776916
1248813415
2981417358
3283902259
2495904454
3737558366
2628018151
4171992231
4001133087
1004850443
2115149740
1972426651
415955090
1020297307
3564378942
633732007
1325130673
3624848741
2898772281
921471972
2669305284
1015708178
1904321174
3849185128
1359269272
3036349707
3266243431
415487100
2386886159
3238189416
1510892478
2101553917
2882091873
992918909
330840364
465910651
21937172
4037749615
3826965251
3031819421
995560020
2478029563
1119663118
1272057043
1855359736
2999729864
2485501008
1318893696
3042074924
2406866387
333597814
245071586
1236688741
3648936197
211136586
312617019
3806702874
2237644454
1855680484
2839777746
4209301451
1515405226
3952793179
1746713530
2745940021
609650607
2122782278
1625345412
3691782881
2961484343
1225007217
3277121127
2913337042
4016014173
1300941888
192764162
2759122343
3766502168
2113480046
157902517
3953381472
1676638972
2302923493
2064919395
3844879481
1623267551
820019808
3167796580
4259985152
1591934703
1075031433
1221406134
2100501139
284907899
2220793940
4268810670
2900174002
886177556
3200830960
676859234
3809141586
915021551
251177666
1643861452
2607343292
3789495769
376414388
2180740530
2791790249
4209748247
2401766787
1731122544
2652655812
4110164361
4209996682
977391086
3983574104
2719669267
1915434884
166253057
1359254922
2637300500
2074961033
3485949196
1225491273
1938877700
2223957942
562601358
3311243119
4014029956
1424036311
763641108
2310208302
1039716985
1205394421
2853805363
3165846146
87811838
3711642629
143157270
2128113102
1281524289
1448240916
2932523564
1348505779
1648039434
333164946
4093397574
1670983341
439673540
2620729260
3586965598
3257305906
1496030777
3690984410
562783592
4020689949
225515651
3786133376
2759413262
1752483880
2042407745
3631749135
925179044
2517623645
3600098465
313739975
2513998524
623429645
2810026928
2309881961
1335589344
3687169117
2450241353
2502540662
1979856163
455424654
1310789938
1331740714
3471394379
4104682
3085344367
2141452472
702673259
2799723944
582458836
4080755741
2629441720
183458233
2958126469
3419990554
2794779748
3870686602
560770777
2331122991
3192486727
2683178034
64201964
2219280009
3905965196
1737412314
4254855176
2237233967
856922704
3855139950
4076266675
18888109
1451600275
1404358266
3078797743
445683497
2338966329
598848071
4168978341
718115225
1225414125
2408520691
1185282238
2032582752
2901649110
216574438
2375988194
2191114779
3472225267
3716183874
4121105716
2117243382
1011488141
2824161441
735150929
2727503149
3050000018
1297273467
2575636981
2591708704
1830987496
2925505522
4181521594
1787524961
3109589310
2257483068
563807795
1908941860
4180777385
2719281309
198124453
3463071497
598609218
2629724824
3329953158
1115156712
391021943
718402365
3670311342
373348666
2262670482
30097785
1576045672
1717353858
248811009
4089671710
3894552671
869569273
658182563
2203652969
1647368508
2740660930
1121964628
4055602308
1890080485
3081444812
1117512993
2485548774
2401832814
1787425772
3500366581
3994077212
3400575236
1251605112
1971973175
1756093691
1434867244
1123022908
2729287390
2168772975
3174976100
750721293
780785637
1455578220
2874287446
523367520
3375491508
2660121329
1313875018
4290860223
510483473
3623199938
2080763396
4097081927
3173582403
3743380189
745944932
2204265153
242214333
3619666936
3650983633
2587258489
287628849
4088490621
4247562087
443018609
788107816
3068068889
3524354681
1087880861
2944288601
1168377326
1219170830
736380893
1346679119
1714416877
2757748988
1409146198
2155634226
2876685597
246057870
644648644
2505424850
2717141696
1442723505
3351226110
2039069162
2249478223
581836607
3647202674
1380723861
1146720792
2131527936
2120956262
3074310749
1212013665
2548417677
820620893
2712154830
2047857693
1196485072
1557106181
3573492459
3973545408
920329153
378621856
2824144649
282051005
3718130560
2778087502
2177453363
68067572
994454904
1984253261
1820607117
411073401
3053837707
1870818029
3434678957
3772296958
45195484
274741836
3893439118
3471966067
2827819648
1815234442
833102205
4006710590
1485069516
617297667
2822990029
1256831153
4000098550
3595461288
3936723051
2847487088
2549856591
3850747143
3500297007
1123941581
2884211663
3584234775
1703773246
734193455
3978056799
1125158225
943966937
1028687591
2254686694
276149789
3273254369
2295548162
579346896
2929279071
762222524
871082399
2820464369
4010936213
49694012
1443478336
2900851378
58624050
2191553591
2109276540
4039918023
796837890
4171655417
489425542
867821677
4030021999
3358797426
4170616007
3444760519
2668606180
3833518518
4069513549
1269837245
1637845293
2429175213
1533377503
2320759433
2.000000
1.000000
2.000000
3.000000
2.000000
3.000000
2.000000
3.000000
2.000000
3.000000
2.000000
3.000000
2.000000
3.000000
2.000000
3.000000
2.000000
3.000000
1.000000
1.000000
0.000000
0
700
5
0
1.000000
697
697
1.000000
4
0.000000
0.000000
0.000000
0.400000
1202
1.000000
698
698
1.000000
4
0.000000
0.000000
0.000000
0.400000
0
1.000000
698
698
1.000000
4
0.000000
0.000000
0.000000
0.400000
1202
1.000000
699
699
1.000000
4
0.000000
0.000000
0.000000
0.400000
0
1.000000
699
699
1.000000
4
0.000000
0.000000
0.000000
0.400000
3
1205
0.999998
696
697
1.000000
4
0.000000
0.000000
0.000000
0.400000
1205
0.999999
697
698
1.000000
4
0.000000
0.000000
0.000000
0.400000
1205
0.999999
698
699
1.000000
4
0.000000
0.000000
0.000000
0.400000
45
12
0
0
0.000000
4
0.300000
0.100000
0.000000
0.000000
0
0.011018
0
3
13
2
13
0
83
0
0
2.000000
0.000000
2.000000
0.000000
2.000000
0.000000
2.000000
0.000000
2.000000
0.000000
2.000000
0.000000
2.000000
0.000000
2.000000
0.000000
2.000000
0.000000
0.000000
1.000000
0.000000
0
0
82
0
37
0.000000
4
0.300000
0.000000
0.000000
0.000000
0
0.011598
0
2
83
2
86
0
0
2.000000
0.000000
2.000000
0.000000
2.000000
0.000000
2.000000
0.000000
2.000000
0.000000
2.000000
0.000000
2.000000
0.000000
2.000000
0.000000
2.000000
0.000000
0.000000
1.000000
2.000000
0
0
85
0
38
0.000000
4
0.000000
0.100000
0.000000
0.000000
0
0.012209
0
4
86
2
88
2
88
0
145
0
0
2.000000
0.000000
2.000000
0.000000
2.000000
0.000000
2.000000
0.000000
2.000000
0.000000
2.000000
0.000000
2.000000
0.000000
2.000000
0.000000
2.000000
0.000000
0.000000
0.000000
0.000000
0
0
144
0
68
0.000000
4
0.000000
0.100000
0.000000
0.000000
0
0.012851
0
2
145
2
148
0
0
2.000000
0.000000
2.000000
0.000000
2.000000
0.000000
2.000000
0.000000
2.000000
0.000000
2.000000
0.000000
2.000000
0.000000
2.000000
0.000000
2.000000
0.000000
0.000000
0.000000
3.000000
0
0
147
0
69
0.000000
4
0.000000
0.000000
0.000000
0.000000
0
0.013528
0
2
148
2
151
0
0
2.000000
3.000000
2.000000
0.000000
2.000000
0.000000
2.000000
0.000000
2.000000
0.000000
2.000000
0.000000
2.000000
0.000000
2.000000
0.000000
2.000000
0.000000
0.000000
0.000000
0.000000
0
0
150
0
70
0.000000
4
0.000000
0.000000
0.000000
0.000000
0
0.014240
0
2
151
2
154
0
0
2.000000
3.000000
2.000000
0.000000
2.000000
0.000000
2.000000
0.000000
2.000000
0.000000
2.000000
0.000000
2.000000
0.000000
2.000000
0.000000
2.000000
0.000000
3.000000
0.000000
0.000000
0
0
153
0
71
0.000000
4
0.000000
0.100000
0.000000
0.000000
0
0.014989
0
4
154
2
156
2
156
0
223
0
0
2.000000
0.000000
2.000000
0.000000
2.000000
0.000000
2.000000
0.000000
2.000000
0.000000
2.000000
0.000000
2.000000
0.000000
2.000000
3.000000
2.000000
0.000000
3.000000
0.000000
0.000000
0
0
222
0
106
0.000000
4
0.000000
0.100000
0.000000
0.000000
0
0.015778
0
2
223
2
226
0
0
2.000000
0.000000
2.000000
0.000000
2.000000
0.000000
2.000000
0.000000
2.000000
0.000000
2.000000
0.000000
2.000000
0.000000
2.000000
3.000000
2.000000
0.000000
3.000000
0.000000
3.000000
0
0
225
0
107
0.000000
4
0.000000
0.000000
0.000000
0.000000
0
0.016608
0
2
226
2
229
0
0
2.000000
3.000000
2.000000
0.000000
2.000000
0.000000
2.000000
0.000000
2.000000
0.000000
2.000000
0.000000
2.000000
0.000000
2.000000
3.000000
2.000000
0.000000
3.000000
0.000000
0.000000
0
0
228
0
108
0.000000
4
0.000000
0.000000
0.000000
0.000000
0
0.017482
0
2
229
2
232
0
0
2.000000
3.000000
2.000000
3.000000
2.000000
0.000000
2.000000
0.000000
2.000000
0.000000
2.000000
0.000000
2.000000
0.000000
2.000000
0.000000
2.000000
0.000000
1.000000
0.000000
0.000000
0
0
231
0
109
0.000000
4
0.000000
0.100000
0.000000
0.000000
0
0.018403
0
4
232
2
234
2
234
0
286
0
0
2.000000
0.000000
2.000000
0.000000
2.000000
0.000000
2.000000
0.000000
2.000000
0.000000
2.000000
0.000000
2.000000
0.000000
2.000000
3.000000
2.000000
3.000000
1.000000
0.000000
0.000000
0
0
285
0
137
0.000000
4
0.300000
0.100000
0.000000
0.000000
0
0.019371
0
4
286
2
288
2
288
0
301
0
0
2.000000
0.000000
2.000000
0.000000
2.000000
0.000000
2.000000
0.000000
2.000000
0.000000
2.000000
0.000000
2.000000
0.000000
2.000000
3.000000
2.000000
3.000000
1.000000
1.000000
0.000000
0
0
300
0
145
0.000000
4
0.000000
0.100000
0.000000
0.000000
0
0.020391
0
2
301
2
304
0
0
2.000000
0.000000
2.000000
0.000000
2.000000
0.000000
2.000000
0.000000
2.000000
0.000000
2.000000
0.000000
2.000000
0.000000
2.000000
3.000000
2.000000
3.000000
1.000000
1.000000
3.000000
0
0
303
0
146
0.000000
4
0.300000
0.000000
0.000000
0.000000
0
0.021464
0
4
304
2
306
2
306
0
375
0
0
2.000000
3.000000
2.000000
0.000000
2.000000
0.000000
2.000000
0.000000
2.000000
0.000000
2.000000
0.000000
2.000000
0.000000
2.000000
3.000000
2.000000
3.000000
1.000000
1.000000
0.000000
0
0
374
0
182
0.000000
4
0.300000
0.000000
0.000000
0.000000
0
0.022594
0
2
375
2
378
0
0
2.000000
3.000000
2.000000
0.000000
2.000000
0.000000
2.000000
0.000000
2.000000
0.000000
2.000000
0.000000
2.000000
0.000000
2.000000
3.000000
2.000000
3.000000
1.000000
1.000000
2.000000
0
0
377
0
183
0.000000
4
0.000000
0.000000
0.000000
0.000000
0
0.023783
0
2
378
2
381
0
0
2.000000
3.000000
2.000000
0.000000
2.000000
0.000000
2.000000
0.000000
2.000000
0.000000
2.000000
0.000000
2.000000
0.000000
2.000000
3.000000
2.000000
3.000000
1.000000
0.000000
0.000000
0
0
380
0
184
0.000000
4
0.000000
0.100000
0.000000
0.000000
0
0.025034
0
4
381
2
383
2
383
0
446
0
0
2.000000
0.000000
2.000000
0.000000
2.000000
0.000000
2.000000
0.000000
2.000000
0.000000
2.000000
0.000000
2.000000
0.000000
2.000000
3.000000
2.000000
0.000000
1.000000
0.000000
0.000000
0
0
445
0
217
0.000000
4
0.000000
0.100000
0.000000
0.000000
0
0.026352
0
2
446
2
449
0
0
2.000000
0.000000
2.000000
0.000000
2.000000
0.000000
2.000000
0.000000
2.000000
0.000000
2.000000
0.000000
2.000000
0.000000
2.000000
3.000000
2.000000
0.000000
1.000000
0.000000
3.000000
0
0
448
0
218
0.000000
4
0.000000
0.000000
0.000000
0.000000
0
0.027739
0
2
449
2
452
0
0
2.000000
3.000000
2.000000
0.000000
2.000000
0.000000
2.000000
0.000000
2.000000
0.000000
2.000000
0.000000
2.000000
0.000000
2.000000
3.000000
2.000000
0.000000
1.000000
0.000000
0.000000
0
0
451
0
219
0.000000
4
0.000000
0.000000
0.000000
0.000000
0
0.029199
0
2
452
2
455
0
0
2.000000
3.000000
2.000000
3.000000
2.000000
0.000000
2.000000
0.000000
2.000000
0.000000
2.000000
0.000000
2.000000
0.000000
2.000000
0.000000
2.000000
0.000000
2.000000
0.000000
0.000000
0
0
454
0
220
0.000000
4
0.000000
0.100000
0.000000
0.000000
0
0.030736
0
4
455
2
457
2
457
0
578
0
0
2.000000
0.000000
2.000000
0.000000
2.000000
0.000000
2.000000
0.000000
2.000000
0.000000
2.000000
0.000000
2.000000
0.000000
2.000000
3.000000
2.000000
3.000000
2.000000
0.000000
0.000000
0
0
577
0
282
0.000000
4
0.300000
0.100000
0.000000
0.000000
0
0.032353
0
4
578
2
580
2
580
0
597
0
0
2.000000
0.000000
2.000000
0.000000
2.000000
0.000000
2.000000
0.000000
2.000000
0.000000
2.000000
0.000000
2.000000
0.000000
2.000000
3.000000
2.000000
3.000000
2.000000
1.000000
0.000000
0
0
596
0
292
0.000000
4
0.000000
0.100000
0.000000
0.000000
0
0.034056
0
2
597
2
600
0
0
2.000000
0.000000
2.000000
0.000000
2.000000
0.000000
2.000000
0.000000
2.000000
0.000000
2.000000
0.000000
2.000000
0.000000
2.000000
3.000000
2.000000
3.000000
2.000000
1.000000
3.000000
0
0
599
0
293
0.000000
4
0.300000
0.000000
0.000000
0.000000
0
0.035849
0
4
600
2
602
2
602
0
681
0
0
2.000000
3.000000
2.000000
0.000000
2.000000
0.000000
2.000000
0.000000
2.000000
0.000000
2.000000
0.000000
2.000000
0.000000
2.000000
3.000000
2.000000
3.000000
2.000000
1.000000
0.000000
0
0
680
0
334
0.000000
4
0.300000
0.000000
0.000000
0.000000
0
0.037735
0
2
681
2
684
0
0
2.000000
3.000000
2.000000
0.000000
2.000000
0.000000
2.000000
0.000000
2.000000
0.000000
2.000000
0.000000
2.000000
0.000000
2.000000
3.000000
2.000000
3.000000
2.000000
1.000000
2.000000
0
0
683
0
335
0.000000
4
0.000000
0.000000
0.000000
0.000000
0
0.039721
0
2
684
2
687
0
0
2.000000
3.000000
2.000000
0.000000
2.000000
0.000000
2.000000
0.000000
2.000000
0.000000
2.000000
0.000000
2.000000
0.000000
2.000000
3.000000
2.000000
3.000000
2.000000
0.000000
0.000000
0
0
686
0
336
0.000000
4
0.000000
0.100000
0.000000
0.000000
0
0.041812
0
4
687
2
689
2
689
0
749
0
0
2.000000
0.000000
2.000000
0.000000
2.000000
0.000000
2.000000
0.000000
2.000000
0.000000
2.000000
0.000000
2.000000
0.000000
2.000000
3.000000
2.000000
0.000000
2.000000
0.000000
0.000000
0
0
748
0
368
0.000000
4
0.000000
0.100000
0.000000
0.000000
0
0.044013
0
2
749
2
752
0
0
2.000000
0.000000
2.000000
0.000000
2.000000
0.000000
2.000000
0.000000
2.000000
0.000000
2.000000
0.000000
2.000000
0.000000
2.000000
3.000000
2.000000
0.000000
2.000000
0.000000
3.000000
0
0
751
0
369
0.000000
4
0.000000
0.000000
0.000000
0.000000
0
0.046329
0
2
752
2
755
0
0
2.000000
3.000000
2.000000
0.000000
2.000000
0.000000
2.000000
0.000000
2.000000
0.000000
2.000000
0.000000
2.000000
0.000000
2.000000
3.000000
2.000000
0.000000
2.000000
0.000000
0.000000
0
0
754
0
370
0.000000
4
0.000000
0.000000
0.000000
0.000000
0
0.048767
0
2
755
2
758
0
0
2.000000
3.000000
2.000000
3.000000
2.000000
0.000000
2.000000
0.000000
2.000000
0.000000
2.000000
0.000000
2.000000
0.000000
2.000000
0.000000
2.000000
0.000000
0.000000
0.000000
0.000000
0
0
757
0
371
0.000000
4
0.000000
0.100000
0.000000
0.000000
0
0.051334
0
4
758
2
760
2
760
0
833
0
0
2.000000
0.000000
2.000000
0.000000
2.000000
3.000000
2.000000
0.000000
2.000000
0.000000
2.000000
0.000000
2.000000
0.000000
2.000000
3.000000
2.000000
3.000000
0.000000
0.000000
0.000000
0
0
832
0
409
0.000000
4
0.000000
0.100000
0.000000
0.000000
0
0.054036
0
2
833
2
836
0
0
2.000000
0.000000
2.000000
0.000000
2.000000
3.000000
2.000000
0.000000
2.000000
0.000000
2.000000
0.000000
2.000000
0.000000
2.000000
3.000000
2.000000
3.000000
0.000000
0.000000
3.000000
0
0
835
0
410
0.000000
4
0.000000
0.000000
0.000000
0.000000
0
0.056880
0
2
836
2
839
0
0
2.000000
3.000000
2.000000
0.000000
2.000000
3.000000
2.000000
0.000000
2.000000
0.000000
2.000000
0.000000
2.000000
0.000000
2.000000
3.000000
2.000000
3.000000
0.000000
0.000000
0.000000
0
0
838
0
411
0.000000
4
0.000000
0.100000
0.000000
0.000000
0
0.059874
0
4
839
2
841
2
841
0
884
0
0
2.000000
0.000000
2.000000
3.000000
2.000000
0.000000
2.000000
0.000000
2.000000
0.000000
2.000000
0.000000
2.000000
0.000000
2.000000
3.000000
2.000000
0.000000
0.000000
0.000000
0.000000
0
0
883
0
434
0.000000
4
0.300000
0.100000
0.000000
0.000000
0
0.063025
0
4
884
2
886
2
886
0
907
0
0
2.000000
0.000000
2.000000
3.000000
2.000000
0.000000
2.000000
0.000000
2.000000
0.000000
2.000000
0.000000
2.000000
0.000000
2.000000
3.000000
2.000000
0.000000
0.000000
1.000000
0.000000
0
0
906
0
446
0.000000
4
0.000000
0.100000
0.000000
0.000000
0
0.066342
0
2
907
2
910
0
0
2.000000
0.000000
2.000000
3.000000
2.000000
0.000000
2.000000
0.000000
2.000000
0.000000
2.000000
0.000000
2.000000
0.000000
2.000000
3.000000
2.000000
0.000000
0.000000
1.000000
3.000000
0
0
909
0
447
0.000000
4
0.300000
0.000000
0.000000
0.000000
0
0.069834
0
4
910
2
912
2
912
0
998
0
0
2.000000
3.000000
2.000000
3.000000
2.000000
0.000000
2.000000
0.000000
2.000000
0.000000
2.000000
0.000000
2.000000
0.000000
2.000000
3.000000
2.000000
0.000000
0.000000
1.000000
0.000000
0
0
997
0
492
0.000000
4
0.300000
0.000000
0.000000
0.000000
0
0.073509
0
2
998
2
1001
0
0
2.000000
3.000000
2.000000
3.000000
2.000000
0.000000
2.000000
0.000000
2.000000
0.000000
2.000000
0.000000
2.000000
0.000000
2.000000
3.000000
2.000000
0.000000
0.000000
1.000000
2.000000
0
0
1000
0
493
0.000000
4
0.000000
0.000000
0.000000
0.000000
0
0.077378
0
2
1001
2
1004
0
0
2.000000
3.000000
2.000000
3.000000
2.000000
0.000000
2.000000
0.000000
2.000000
0.000000
2.000000
0.000000
2.000000
0.000000
2.000000
3.000000
2.000000
0.000000
0.000000
0.000000
0.000000
0
0
1003
0
494
0.000000
4
0.000000
0.000000
0.000000
0.000000
0
0.081451
0
2
1004
2
1007
0
0
2.000000
3.000000
2.000000
3.000000
2.000000
0.000000
2.000000
3.000000
2.000000
0.000000
2.000000
0.000000
2.000000
0.000000
2.000000
0.000000
2.000000
0.000000
3.000000
0.000000
0.000000
0
0
1006
0
495
0.000000
4
0.000000
0.000000
0.000000
0.000000
0
0.085737
0
2
1007
2
1010
0
0
2.000000
3.000000
2.000000
0.000000
2.000000
3.000000
2.000000
3.000000
2.000000
0.000000
2.000000
0.000000
2.000000
0.000000
2.000000
3.000000
2.000000
3.000000
3.000000
0.000000
0.000000
0
0
1009
0
496
0.000000
4
0.000000
0.000000
0.000000
0.000000
0
0.090250
0
2
1010
2
1013
0
0
2.000000
3.000000
2.000000
3.000000
2.000000
3.000000
2.000000
0.000000
2.000000
3.000000
2.000000
3.000000
2.000000
0.000000
2.000000
0.000000
2.000000
0.000000
1.000000
0.000000
0.000000
0
0
1012
0
497
0.000000
4
0.000000
0.100000
0.000000
0.000000
0
0.095000
0
2
1013
2
1016
0
0
2.000000
0.000000
2.000000
3.000000
2.000000
3.000000
2.000000
3.000000
2.000000
3.000000
2.000000
3.000000
2.000000
3.000000
2.000000
3.000000
2.000000
3.000000
1.000000
0.000000
0.000000
0
0
1015
0
498
0.000000
4
0.000000
0.000000
0.200000
0.400000
0
0.100000
0
4
1016
2
1018
2
1018
0
1203
0
0
2.000000
1.000000
2.000000
3.000000
2.000000
3.000000
2.000000
3.000000
2.000000
3.000000
2.000000
3.000000
2.000000
3.000000
2.000000
3.000000
2.000000
3.000000
1.000000
0.000000
0.000000
0
0
1202
0
592
1.000000
4
0.300000
0.000000
0.200000
0.400000
0
0.000000
0
3
1203
2
1205
2
1205
0
0
2.000000
1.000000
2.000000
3.000000
2.000000
3.000000
2.000000
3.000000
2.000000
3.000000
2.000000
3.000000
2.000000
3.000000
2.000000
3.000000
2.000000
3.000000
1.000000
1.000000
0.000000
0
0
12
0
1
0
1.000000
4
0.000000
0.000000
0.000000
0.000000
0
0.100000
0
7
1018
1
1022
1
1203
1
1204
1
1205
1
1206
1
1209
1
0
-1
-1
-1
1
1
0
0.000000
4
0.000000
0.000000
0.000000
0.000000
0
0.000000
0
18
154
1
157
1
232
1
235
1
381
1
384
1
455
1
458
1
687
1
690
1
758
1
761
1
839
1
842
1
1007
1
1011
1
1013
1
1017
1
1
-1
-1
-1
2
1
0
0.000000
4
0.000000
0.000000
0.000000
0.000000
0
0.000000
0
0
2
-1
-1
-1
3
1
0
0.000000
4
0.000000
0.000000
0.000000
0.000000
0
0.000000
0
12
151
1
155
1
229
1
233
1
452
1
456
1
755
1
759
1
1004
1
1008
1
1010
1
1014
1
3
-1
-1
-1
4
1
0
0.000000
4
0.000000
0.000000
0.000000
0.000000
0
0.000000
0
0
4
-1
-1
-1
5
1
0
0.000000
4
0.000000
0.000000
0.000000
0.000000
0
0.000000
0
8
86
1
89
1
378
1
382
1
684
1
688
1
1001
1
1005
1
5
-1
-1
-1
6
1
0
0.000000
4
0.000000
0.000000
0.000000
0.000000
0
0.000000
0
0
6
-1
-1
-1
7
1
0
0.000000
4
0.000000
0.000000
0.000000
0.000000
0
0.000000
0
16
148
1
152
1
226
1
230
1
304
1
307
1
449
1
453
1
600
1
603
1
752
1
756
1
836
1
840
1
910
1
913
1
7
-1
-1
-1
8
1
0
0.000000
4
0.000000
0.000000
0.000000
0.000000
0
0.000000
0
0
8
-1
-1
-1
9
1
0
0.000000
4
0.000000
0.000000
0.000000
0.000000
0
0.000000
0
35
13
1
16
1
83
1
84
1
87
1
288
1
292
1
301
1
302
1
305
1
306
1
310
1
375
1
376
1
379
1
580
1
584
1
597
1
598
1
601
1
602
1
606
1
681
1
682
1
685
1
886
1
890
1
907
1
908
1
911
1
912
1
916
1
998
1
999
1
1002
1
9
-1
-1
-1
10
1
0
0.000000
4
0.000000
0.000000
0.000000
0.000000
0
0.000000
0
40
88
1
92
1
145
1
146
1
149
1
156
1
160
1
223
1
224
1
227
1
234
1
238
1
286
1
287
1
289
1
383
1
387
1
446
1
447
1
450
1
457
1
461
1
578
1
579
1
581
1
689
1
693
1
749
1
750
1
753
1
760
1
764
1
833
1
834
1
837
1
841
1
845
1
884
1
885
1
887
1
10
-1
-1
-1
11
1
0
0.000000
4
0.000000
0.000000
0.000000
0.000000
0
0.000000
0
2
1016
1
1019
1
11
-1
-1
-1
0
138
13
2
1
0.000000
4
0.000000
0.000000
0.000000
0.000000
0
0.000000
0
4
16
2
16
0
84
0
87
0
0
0.532845
0.885587
34.000000
12
1
9
12
0
0
18446744073709551615
16
2
3
0.000000
4
0.000000
0.000000
0.000000
0.000000
0
0.000000
0
0
1
0.354598
0.879999
32.000000
13
1
9
13
0
0
18446744073709551615
83
2
37
0.000000
4
0.000000
0.000000
0.000000
0.000000
0
0.011598
0
2
84
2
89
0
0
0.950000
0.475000
0.000000
12
1
9
82
0
0
18446744073709551615
84
2
37
0.000000
4
0.000000
0.000000
0.000000
0.000000
0
0.000000
0
0
1
0.950000
0.475000
0.000000
13
1
9
83
0
0
18446744073709551615
86
2
38
0.000000
4
0.000000
0.000000
0.000000
0.000000
0
0.012209
0
1
87
2
0
0.950000
0.475000
0.000000
82
1
5
85
0
0
18446744073709551615
87
2
38
0.000000
4
0.000000
0.000000
0.000000
0.000000
0
0.000000
0
0
1
0.950000
0.475000
0.000000
13
1
9
86
0
0
18446744073709551615
88
2
39
0.000000
4
0.000000
0.000000
0.000000
0.000000
0
0.000000
0
5
89
2
92
2
92
0
146
0
149
0
0
0.532020
0.863277
27.000000
85
1
10
85
0
0
18446744073709551615
89
2
39
0.000000
4
0.000000
0.000000
0.000000
0.000000
0
0.000000
0
0
1
0.950000
0.475000
0.000000
83
1
5
88
0
0
18446744073709551615
92
2
41
0.000000
4
0.000000
0.000000
0.000000
0.000000
0
0.000000
0
0
1
0.353959
0.855195
25.000000
88
1
10
88
0
0
18446744073709551615
145
2
68
0.000000
4
0.000000
0.000000
0.000000
0.000000
0
0.012851
0
2
146
2
152
0
0
0.950000
0.475000
0.000000
85
1
10
144
0
0
18446744073709551615
146
2
68
0.000000
4
0.000000
0.000000
0.000000
0.000000
0
0.000000
0
0
1
0.950000
0.475000
0.000000
88
1
10
145
0
0
18446744073709551615
148
2
69
0.000000
4
0.000000
0.000000
0.000000
0.000000
0
0.013528
0
2
149
2
155
0
0
0.950000
0.475000
0.000000
144
1
7
147
0
0
18446744073709551615
149
2
69
0.000000
4
0.000000
0.000000
0.000000
0.000000
0
0.000000
0
0
1
0.950000
0.475000
0.000000
88
1
10
148
0
0
18446744073709551615
151
2
70
0.000000
4
0.000000
0.000000
0.000000
0.000000
0
0.014240
0
2
152
2
157
0
0
0.950000
0.475000
0.000000
147
1
3
150
0
0
18446744073709551615
152
2
70
0.000000
4
0.000000
0.000000
0.000000
0.000000
0
0.000000
0
0
1
0.950000
0.475000
0.000000
145
1
7
151
0
0
18446744073709551615
154
2
71
0.000000
4
0.000000
0.000000
0.000000
0.000000
0
0.014989
0
1
155
2
0
0.950000
0.475000
0.000000
150
1
1
153
0
0
18446744073709551615
155
2
71
0.000000
4
0.000000
0.000000
0.000000
0.000000
0
0.000000
0
0
1
0.950000
0.475000
0.000000
148
1
3
154
0
0
18446744073709551615
156
2
72
0.000000
4
0.000000
0.000000
0.000000
0.000000
0
0.000000
0
5
157
2
160
2
160
0
224
0
227
0
0
0.532666
0.879999
32.000000
153
1
10
153
0
0
18446744073709551615
157
2
72
0.000000
4
0.000000
0.000000
0.000000
0.000000
0
0.000000
0
0
1
0.950000
0.475000
0.000000
151
1
1
156
0
0
18446744073709551615
160
2
74
0.000000
4
0.000000
0.000000
0.000000
0.000000
0
0.000000
0
0
1
0.354459
0.873831
30.000000
156
1
10
156
0
0
18446744073709551615
223
2
106
0.000000
4
0.000000
0.000000
0.000000
0.000000
0
0.015778
0
2
224
2
230
0
0
0.950000
0.475000
0.000000
153
1
10
222
0
0
18446744073709551615
224
2
106
0.000000
4
0.000000
0.000000
0.000000
0.000000
0
0.000000
0
0
1
0.950000
0.475000
0.000000
156
1
10
223
0
0
18446744073709551615
226
2
107
0.000000
4
0.000000
0.000000
0.000000
0.000000
0
0.016608
0
2
227
2
233
0
0
0.950000
0.475000
0.000000
222
1
7
225
0
0
18446744073709551615
227
2
107
0.000000
4
0.000000
0.000000
0.000000
0.000000
0
0.000000
0
0
1
0.950000
0.475000
0.000000
156
1
10
226
0
0
18446744073709551615
229
2
108
0.000000
4
0.000000
0.000000
0.000000
0.000000
0
0.017482
0
2
230
2
235
0
0
0.950000
0.475000
0.000000
225
1
3
228
0
0
18446744073709551615
230
2
108
0.000000
4
0.000000
0.000000
0.000000
0.000000
0
0.000000
0
0
1
0.950000
0.475000
0.000000
223
1
7
229
0
0
18446744073709551615
232
2
109
0.000000
4
0.000000
0.000000
0.000000
0.000000
0
0.018403
0
1
233
2
0
0.950000
0.475000
0.000000
228
1
1
231
0
0
18446744073709551615
233
2
109
0.000000
4
0.000000
0.000000
0.000000
0.000000
0
0.000000
0
0
1
0.950000
0.475000
0.000000
226
1
3
232
0
0
18446744073709551615
234
2
110
0.000000
4
0.000000
0.000000
0.000000
0.000000
0
0.000000
0
5
235
2
238
2
238
0
287
0
289
0
0
0.531653
0.855195
25.000000
231
1
10
231
0
0
18446744073709551615
235
2
110
0.000000
4
0.000000
0.000000
0.000000
0.000000
0
0.000000
0
0
1
0.950000
0.475000
0.000000
229
1
1
234
0
0
18446744073709551615
238
2
112
0.000000
4
0.000000
0.000000
0.000000
0.000000
0
0.000000
0
0
1
0.353676
0.846096
23.000000
234
1
10
234
0
0
18446744073709551615
286
2
137
0.000000
4
0.000000
0.000000
0.000000
0.000000
0
0.019371
0
1
287
2
0
0.950000
0.475000
0.000000
231
1
10
285
0
0
18446744073709551615
287
2
137
0.000000
4
0.000000
0.000000
0.000000
0.000000
0
0.000000
0
0
1
0.950000
0.475000
0.000000
234
1
10
286
0
0
18446744073709551615
288
2
138
0.000000
4
0.000000
0.000000
0.000000
0.000000
0
0.000000
0
5
289
2
292
2
292
0
302
0
305
0
0
0.518358
0.651661
5.000000
285
1
9
285
0
0
18446744073709551615
289
2
138
0.000000
4
0.000000
0.000000
0.000000
0.000000
0
0.000000
0
0
1
0.950000
0.475000
0.000000
234
1
10
288
0
0
18446744073709551615
292
2
140
0.000000
4
0.000000
0.000000
0.000000
0.000000
0
0.000000
0
0
1
0.343385
0.596980
3.000000
288
1
9
288
0
0
18446744073709551615
301
2
145
0.000000
4
0.000000
0.000000
0.000000
0.000000
0
0.020391
0
2
302
2
307
0
0
0.950000
0.475000
0.000000
285
1
9
300
0
0
18446744073709551615
302
2
145
0.000000
4
0.000000
0.000000
0.000000
0.000000
0
0.000000
0
0
1
0.950000
0.475000
0.000000
288
1
9
301
0
0
18446744073709551615
304
2
146
0.000000
4
0.000000
0.000000
0.000000
0.000000
0
0.021464
0
1
305
2
0
0.950000
0.475000
0.000000
300
1
7
303
0
0
18446744073709551615
305
2
146
0.000000
4
0.000000
0.000000
0.000000
0.000000
0
0.000000
0
0
1
0.950000
0.475000
0.000000
288
1
9
304
0
0
18446744073709551615
306
2
147
0.000000
4
0.000000
0.000000
0.000000
0.000000
0
0.000000
0
5
307
2
310
2
310
0
376
0
379
0
0
0.532760
0.882860
33.000000
303
1
9
303
0
0
18446744073709551615
307
2
147
0.000000
4
0.000000
0.000000
0.000000
0.000000
0
0.000000
0
0
1
0.950000
0.475000
0.000000
301
1
7
306
0
0
18446744073709551615
310
2
149
0.000000
4
0.000000
0.000000
0.000000
0.000000
0
0.000000
0
0
1
0.354532
0.876993
31.000000
306
1
9
306
0
0
18446744073709551615
375
2
182
0.000000
4
0.000000
0.000000
0.000000
0.000000
0
0.022594
0
2
376
2
382
0
0
0.950000
0.475000
0.000000
303
1
9
374
0
0
18446744073709551615
376
2
182
0.000000
4
0.000000
0.000000
0.000000
0.000000
0
0.000000
0
0
1
0.950000
0.475000
0.000000
306
1
9
375
0
0
18446744073709551615
378
2
183
0.000000
4
0.000000
0.000000
0.000000
0.000000
0
0.023783
0
2
379
2
384
0
0
0.950000
0.475000
0.000000
374
1
5
377
0
0
18446744073709551615
379
2
183
0.000000
4
0.000000
0.000000
0.000000
0.000000
0
0.000000
0
0
1
0.950000
0.475000
0.000000
306
1
9
378
0
0
18446744073709551615
381
2
184
0.000000
4
0.000000
0.000000
0.000000
0.000000
0
0.025034
0
1
382
2
0
0.950000
0.475000
0.000000
377
1
1
380
0
0
18446744073709551615
382
2
184
0.000000
4
0.000000
0.000000
0.000000
0.000000
0
0.000000
0
0
1
0.950000
0.475000
0.000000
375
1
5
381
0
0
18446744073709551615
383
2
185
0.000000
4
0.000000
0.000000
0.000000
0.000000
0
0.000000
0
5
384
2
387
2
387
0
447
0
450
0
0
0.532446
0.873831
30.000000
380
1
10
380
0
0
18446744073709551615
384
2
185
0.000000
4
0.000000
0.000000
0.000000
0.000000
0
0.000000
0
0
1
0.950000
0.475000
0.000000
378
1
1
383
0
0
18446744073709551615
387
2
187
0.000000
4
0.000000
0.000000
0.000000
0.000000
0
0.000000
0
0
1
0.354289
0.866987
28.000000
383
1
10
383
0
0
18446744073709551615
446
2
217
0.000000
4
0.000000
0.000000
0.000000
0.000000
0
0.026352
0
2
447
2
453
0
0
0.950000
0.475000
0.000000
380
1
10
445
0
0
18446744073709551615
447
2
217
0.000000
4
0.000000
0.000000
0.000000
0.000000
0
0.000000
0
0
1
0.950000
0.475000
0.000000
383
1
10
446
0
0
18446744073709551615
449
2
218
0.000000
4
0.000000
0.000000
0.000000
0.000000
0
0.027739
0
2
450
2
456
0
0
0.950000
0.475000
0.000000
445
1
7
448
0
0
18446744073709551615
450
2
218
0.000000
4
0.000000
0.000000
0.000000
0.000000
0
0.000000
0
0
1
0.950000
0.475000
0.000000
383
1
10
449
0
0
18446744073709551615
452
2
219
0.000000
4
0.000000
0.000000
0.000000
0.000000
0
0.029199
0
2
453
2
458
0
0
0.950000
0.475000
0.000000
448
1
3
451
0
0
18446744073709551615
453
2
219
0.000000
4
0.000000
0.000000
0.000000
0.000000
0
0.000000
0
0
1
0.950000
0.475000
0.000000
446
1
7
452
0
0
18446744073709551615
455
2
220
0.000000
4
0.000000
0.000000
0.000000
0.000000
0
0.030736
0
1
456
2
0
0.950000
0.475000
0.000000
451
1
1
454
0
0
18446744073709551615
456
2
220
0.000000
4
0.000000
0.000000
0.000000
0.000000
0
0.000000
0
0
1
0.950000
0.475000
0.000000
449
1
3
455
0
0
18446744073709551615
457
2
221
0.000000
4
0.000000
0.000000
0.000000
0.000000
0
0.000000
0
5
458
2
461
2
461
0
579
0
581
0
0
0.533575
0.927476
59.000000
454
1
10
454
0
0
18446744073709551615
458
2
221
0.000000
4
0.000000
0.000000
0.000000
0.000000
0
0.000000
0
0
1
0.950000
0.475000
0.000000
452
1
1
457
0
0
18446744073709551615
461
2
223
0.000000
4
0.000000
0.000000
0.000000
0.000000
0
0.000000
0
0
1
0.355163
0.925299
57.000000
457
1
10
457
0
0
18446744073709551615
578
2
282
0.000000
4
0.000000
0.000000
0.000000
0.000000
0
0.032353
0
1
579
2
0
0.950000
0.475000
0.000000
454
1
10
577
0
0
18446744073709551615
579
2
282
0.000000
4
0.000000
0.000000
0.000000
0.000000
0
0.000000
0
0
1
0.950000
0.475000
0.000000
457
1
10
578
0
0
18446744073709551615
580
2
283
0.000000
4
0.000000
0.000000
0.000000
0.000000
0
0.000000
0
5
581
2
584
2
584
0
598
0
601
0
0
0.521180
0.693648
7.000000
577
1
9
577
0
0
18446744073709551615
581
2
283
0.000000
4
0.000000
0.000000
0.000000
0.000000
0
0.000000
0
0
1
0.950000
0.475000
0.000000
457
1
10
580
0
0
18446744073709551615
584
2
285
0.000000
4
0.000000
0.000000
0.000000
0.000000
0
0.000000
0
0
1
0.345569
0.651661
5.000000
580
1
9
580
0
0
18446744073709551615
597
2
292
0.000000
4
0.000000
0.000000
0.000000
0.000000
0
0.034056
0
2
598
2
603
0
0
0.950000
0.475000
0.000000
577
1
9
596
0
0
18446744073709551615
598
2
292
0.000000
4
0.000000
0.000000
0.000000
0.000000
0
0.000000
0
0
1
0.950000
0.475000
0.000000
580
1
9
597
0
0
18446744073709551615
600
2
293
0.000000
4
0.000000
0.000000
0.000000
0.000000
0
0.035849
0
1
601
2
0
0.950000
0.475000
0.000000
596
1
7
599
0
0
18446744073709551615
601
2
293
0.000000
4
0.000000
0.000000
0.000000
0.000000
0
0.000000
0
0
1
0.950000
0.475000
0.000000
580
1
9
600
0
0
18446744073709551615
602
2
294
0.000000
4
0.000000
0.000000
0.000000
0.000000
0
0.000000
0
5
603
2
606
2
606
0
682
0
685
0
0
0.533110
0.895317
38.000000
599
1
9
599
0
0
18446744073709551615
603
2
294
0.000000
4
0.000000
0.000000
0.000000
0.000000
0
0.000000
0
0
1
0.950000
0.475000
0.000000
597
1
7
602
0
0
18446744073709551615
606
2
296
0.000000
4
0.000000
0.000000
0.000000
0.000000
0
0.000000
0
0
1
0.354803
0.890671
36.000000
602
1
9
602
0
0
18446744073709551615
681
2
334
0.000000
4
0.000000
0.000000
0.000000
0.000000
0
0.037735
0
2
682
2
688
0
0
0.950000
0.475000
0.000000
599
1
9
680
0
0
18446744073709551615
682
2
334
0.000000
4
0.000000
0.000000
0.000000
0.000000
0
0.000000
0
0
1
0.950000
0.475000
0.000000
602
1
9
681
0
0
18446744073709551615
684
2
335
0.000000
4
0.000000
0.000000
0.000000
0.000000
0
0.039721
0
2
685
2
690
0
0
0.950000
0.475000
0.000000
680
1
5
683
0
0
18446744073709551615
685
2
335
0.000000
4
0.000000
0.000000
0.000000
0.000000
0
0.000000
0
0
1
0.950000
0.475000
0.000000
602
1
9
684
0
0
18446744073709551615
687
2
336
0.000000
4
0.000000
0.000000
0.000000
0.000000
0
0.041812
0
1
688
2
0
0.950000
0.475000
0.000000
683
1
1
686
0
0
18446744073709551615
688
2
336
0.000000
4
0.000000
0.000000
0.000000
0.000000
0
0.000000
0
0
1
0.950000
0.475000
0.000000
681
1
5
687
0
0
18446744073709551615
689
2
337
0.000000
4
0.000000
0.000000
0.000000
0.000000
0
0.000000
0
5
690
2
693
2
693
0
750
0
753
0
0
0.532318
0.870500
29.000000
686
1
10
686
0
0
18446744073709551615
690
2
337
0.000000
4
0.000000
0.000000
0.000000
0.000000
0
0.000000
0
0
1
0.950000
0.475000
0.000000
684
1
1
689
0
0
18446744073709551615
693
2
339
0.000000
4
0.000000
0.000000
0.000000
0.000000
0
0.000000
0
0
1
0.354190
0.863277
27.000000
689
1
10
689
0
0
18446744073709551615
749
2
368
0.000000
4
0.000000
0.000000
0.000000
0.000000
0
0.044013
0
2
750
2
756
0
0
0.950000
0.475000
0.000000
686
1
10
748
0
0
18446744073709551615
750
2
368
0.000000
4
0.000000
0.000000
0.000000
0.000000
0
0.000000
0
0
1
0.950000
0.475000
0.000000
689
1
10
749
0
0
18446744073709551615
752
2
369
0.000000
4
0.000000
0.000000
0.000000
0.000000
0
0.046329
0
2
753
2
759
0
0
0.950000
0.475000
0.000000
748
1
7
751
0
0
18446744073709551615
753
2
369
0.000000
4
0.000000
0.000000
0.000000
0.000000
0
0.000000
0
0
1
0.950000
0.475000
0.000000
689
1
10
752
0
0
18446744073709551615
755
2
370
0.000000
4
0.000000
0.000000
0.000000
0.000000
0
0.048767
0
2
756
2
761
0
0
0.950000
0.475000
0.000000
751
1
3
754
0
0
18446744073709551615
756
2
370
0.000000
4
0.000000
0.000000
0.000000
0.000000
0
0.000000
0
0
1
0.950000
0.475000
0.000000
749
1
7
755
0
0
18446744073709551615
758
2
371
0.000000
4
0.000000
0.000000
0.000000
0.000000
0
0.051334
0
1
759
2
0
0.950000
0.475000
0.000000
754
1
1
757
0
0
18446744073709551615
759
2
371
0.000000
4
0.000000
0.000000
0.000000
0.000000
0
0.002567
0
0
1
0.950000
0.475000
0.000000
752
1
3
758
0
0
18446744073709551615
760
2
372
0.000000
4
0.000000
0.000000
0.000000
0.000000
0
0.002702
0
5
761
2
764
2
764
0
834
0
837
0
0
0.532922
0.888187
35.000000
757
1
10
757
0
0
18446744073709551615
761
2
372
0.000000
4
0.000000
0.000000
0.000000
0.000000
0
0.000000
0
0
1
0.950000
0.475000
0.000000
755
1
1
760
0
0
18446744073709551615
764
2
374
0.000000
4
0.000000
0.000000
0.000000
0.000000
0
0.000000
0
0
1
0.354658
0.882860
33.000000
760
1
10
760
0
0
18446744073709551615
833
2
409
0.000000
4
0.000000
0.000000
0.000000
0.000000
0
0.054036
0
2
834
2
840
0
0
0.950000
0.475000
0.000000
757
1
10
832
0
0
18446744073709551615
834
2
409
0.000000
4
0.000000
0.000000
0.000000
0.000000
0
0.002702
0
0
1
0.950000
0.475000
0.000000
760
1
10
833
0
0
18446744073709551615
836
2
410
0.000000
4
0.000000
0.000000
0.000000
0.000000
0
0.056880
0
2
837
2
842
0
0
0.950000
0.475000
0.000000
832
1
7
835
0
0
18446744073709551615
837
2
410
0.000000
4
0.000000
0.000000
0.000000
0.000000
0
0.002844
0
0
1
0.950000
0.475000
0.000000
760
1
10
836
0
0
18446744073709551615
839
2
411
0.000000
4
0.000000
0.000000
0.000000
0.000000
0
0.059874
0
1
840
2
0
0.950000
0.475000
0.000000
835
1
1
838
0
0
18446744073709551615
840
2
411
0.000000
4
0.000000
0.000000
0.000000
0.000000
0
0.002994
0
0
1
0.950000
0.475000
0.000000
833
1
7
839
0
0
18446744073709551615
841
2
412
0.000000
4
0.000000
0.000000
0.000000
0.000000
0
0.002994
0
5
842
2
845
2
845
0
885
0
887
0
0
0.530333
0.830088
20.000000
838
1
10
838
0
0
18446744073709551615
842
2
412
0.000000
4
0.000000
0.000000
0.000000
0.000000
0
0.000000
0
0
1
0.950000
0.475000
0.000000
836
1
1
841
0
0
18446744073709551615
845
2
414
0.000000
4
0.000000
0.000000
0.000000
0.000000
0
0.000000
0
0
1
0.352653
0.817449
18.000000
841
1
10
841
0
0
18446744073709551615
884
2
434
0.000000
4
0.000000
0.000000
0.000000
0.000000
0
0.063025
0
1
885
2
0
0.950000
0.475000
0.000000
838
1
10
883
0
0
18446744073709551615
885
2
434
0.000000
4
0.000000
0.000000
0.000000
0.000000
0
0.003151
0
0
1
0.950000
0.475000
0.000000
841
1
10
884
0
0
18446744073709551615
886
2
435
0.000000
4
0.000000
0.000000
0.000000
0.000000
0
0.003317
0
5
887
2
890
2
890
0
908
0
911
0
0
0.523480
0.726867
9.000000
883
1
9
883
0
0
18446744073709551615
887
2
435
0.000000
4
0.000000
0.000000
0.000000
0.000000
0
0.000000
0
0
1
0.950000
0.475000
0.000000
841
1
10
886
0
0
18446744073709551615
890
2
437
0.000000
4
0.000000
0.000000
0.000000
0.000000
0
0.000000
0
0
1
0.347349
0.693648
7.000000
886
1
9
886
0
0
18446744073709551615
907
2
446
0.000000
4
0.000000
0.000000
0.000000
0.000000
0
0.066342
0
2
908
2
913
0
0
0.950000
0.475000
0.000000
883
1
9
906
0
0
18446744073709551615
908
2
446
0.000000
4
0.000000
0.000000
0.000000
0.000000
0
0.003317
0
0
1
0.950000
0.475000
0.000000
886
1
9
907
0
0
18446744073709551615
910
2
447
0.000000
4
0.000000
0.000000
0.000000
0.000000
0
0.069834
0
1
911
2
0
0.950000
0.475000
0.000000
906
1
7
909
0
0
18446744073709551615
911
2
447
0.000000
4
0.000000
0.000000
0.000000
0.000000
0
0.003492
0
0
1
0.950000
0.475000
0.000000
886
1
9
910
0
0
18446744073709551615
912
2
448
0.000000
4
0.000000
0.000000
0.000000
0.000000
0
0.003675
0
5
913
2
916
2
916
0
999
0
1002
0
0
0.533287
0.903503
42.000000
909
1
9
909
0
0
18446744073709551615
913
2
448
0.000000
4
0.000000
0.000000
0.000000
0.000000
0
0.000000
0
0
1
0.950000
0.475000
0.000000
907
1
7
912
0
0
18446744073709551615
916
2
450
0.000000
4
0.000000
0.000000
0.000000
0.000000
0
0.000000
0
0
1
0.354940
0.899579
40.000000
912
1
9
912
0
0
18446744073709551615
998
2
492
0.000000
4
0.000000
0.000000
0.000000
0.000000
0
0.073509
0
2
999
2
1005
0
0
0.950000
0.475000
0.000000
909
1
9
997
0
0
18446744073709551615
999
2
492
0.000000
4
0.000000
0.000000
0.000000
0.000000
0
0.003675
0
0
1
0.950000
0.475000
0.000000
912
1
9
998
0
0
18446744073709551615
1001
2
493
0.000000
4
0.000000
0.000000
0.000000
0.000000
0
0.077378
0
2
1002
2
1008
0
0
0.950000
0.475000
0.000000
997
1
5
1000
0
0
18446744073709551615
1002
2
493
0.000000
4
0.000000
0.000000
0.000000
0.000000
0
0.003869
0
0
1
0.950000
0.475000
0.000000
912
1
9
1001
0
0
18446744073709551615
1004
2
494
0.000000
4
0.000000
0.000000
0.000000
0.000000
0
0.081451
0
2
1005
2
1011
0
0
0.950000
0.475000
0.000000
1000
1
3
1003
0
0
18446744073709551615
1005
2
494
0.000000
4
0.000000
0.000000
0.000000
0.000000
0
0.004073
0
0
1
0.950000
0.475000
0.000000
998
1
5
1004
0
0
18446744073709551615
1007
2
495
0.000000
4
0.000000
0.000000
0.000000
0.000000
0
0.085737
0
2
1008
2
1014
0
0
0.950000
0.475000
0.000000
1003
1
1
1006
0
0
18446744073709551615
1008
2
495
0.000000
4
0.000000
0.000000
0.000000
0.000000
0
0.004287
0
0
1
0.950000
0.475000
0.000000
1001
1
3
1007
0
0
18446744073709551615
1010
2
496
0.000000
4
0.000000
0.000000
0.000000
0.000000
0
0.090250
0
2
1011
2
1017
0
0
0.950000
0.475000
0.000000
1006
1
3
1009
0
0
18446744073709551615
1011
2
496
0.000000
4
0.000000
0.000000
0.000000
0.000000
0
0.004513
0
0
1
0.950000
0.475000
0.000000
1004
1
1
1010
0
0
18446744073709551615
1013
2
497
0.000000
4
0.000000
0.000000
0.000000
0.000000
0
0.095000
0
2
1014
2
1019
0
0
0.950000
0.475000
0.000000
1009
1
1
1012
0
0
18446744073709551615
1014
2
497
0.000000
4
0.000000
0.000000
0.000000
0.000000
0
0.004750
0
0
1
0.950000
0.475000
0.000000
1007
1
3
1013
0
0
18446744073709551615
1016
2
498
0.000000
4
0.000000
0.000000
0.000000
0.000000
0
0.100000
0
1
1017
2
0
0.950000
0.475000
0.000000
1012
1
11
1015
0
0
18446744073709551615
1017
2
498
0.000000
4
0.000000
0.000000
0.000000
0.000000
0
0.005000
0
0
1
0.950000
0.475000
0.000000
1010
1
1
1016
0
0
18446744073709551615
1018
2
499
0.000000
4
0.000000
0.000000
0.000000
0.000000
0
0.000000
0
5
1019
2
1022
2
1022
0
1204
0
1206
0
0
0.533634
0.950493
91.000000
1015
1
0
1015
0
0
18446744073709551615
1019
2
499
0.000000
4
0.000000
0.000000
0.000000
0.000000
0
0.000000
0
0
1
0.950000
0.475000
0.000000
1013
1
11
1018
0
0
18446744073709551615
1022
2
501
0.000000
4
0.000000
0.000000
0.000000
0.000000
0
0.000000
0
0
1
0.355209
0.949492
89.000000
1018
1
0
1018
0
0
18446744073709551615
1203
2
592
0.000000
4
0.000000
0.000000
0.000000
0.000000
0
0.000000
0
1
1204
2
0
0.950000
0.475000
0.000000
1015
1
0
1202
0
0
18446744073709551615
1204
2
592
0.000000
4
0.000000
0.000000
0.000000
0.000000
0
0.000000
0
0
1
0.950000
0.475000
0.000000
1018
1
0
1203
0
0
18446744073709551615
1205
2
593
0.999999
4
0.000000
0.000000
0.000000
0.000000
0
0.000000
0
3
1206
2
1209
2
1209
0
0
0.000000
0.956521
105.000000
1202
1
0
1202
3
0.545454
0.000000
1
0
1
699
4
0.000000
0.000000
0.000000
0.400000
0.272727
0.000000
1
1
1
699
4
0.000000
0.000000
0.000000
0.400000
0.181818
0.000000
1
2
1
699
4
0.000000
0.000000
0.000000
0.400000
3
0.000000
0.000000
3
2
0
697
4
0.000000
0.000000
0.000000
0.400000
0.000000
0.000000
2
1
1
698
4
0.000000
0.000000
0.000000
0.400000
0.000000
0.000000
2
2
1
698
4
0.000000
0.000000
0.000000
0.400000
698
1206
2
593
0.000000
4
0.000000
0.000000
0.000000
0.000000
0
0.000000
0
0
1
0.950000
0.475000
0.000000
1018
1
0
1205
0
0
18446744073709551615
1209
2
595
0.999998
4
0.000000
0.000000
0.000000
0.000000
0
0.000000
0
0
1
0.000000
0.955752
103.000000
1205
1
0
1205
3
0.545454
0.000000
1
0
1
698
4
0.000000
0.000000
0.000000
0.400000
0.272727
0.000000
1
1
1
698
4
0.000000
0.000000
0.000000
0.400000
0.181818
0.000000
1
2
1
698
4
0.000000
0.000000
0.000000
0.400000
9
0.000000
0.000000
6
2
0
693
4
0.000000
0.000000
0.000000
0.400000
0.000000
0.000000
5
2
0
694
4
0.000000
0.000000
0.000000
0.400000
0.000000
0.000000
4
1
0
695
4
0.000000
0.000000
0.000000
0.400000
0.000000
0.000000
4
2
0
695
4
0.000000
0.000000
0.000000
0.400000
0.000000
0.000000
3
1
0
696
4
0.000000
0.000000
0.000000
0.400000
0.000000
0.000000
3
2
0
696
4
0.000000
0.000000
0.000000
0.400000
0.000000
0.000000
2
0
1
697
4
0.000000
0.000000
0.000000
0.400000
0.000000
0.000000
2
1
1
697
4
0.000000
0.000000
0.000000
0.400000
0.000000
0.000000
2
2
1
697
4
0.000000
0.000000
0.000000
0.400000
697
0.000000
0
-0.300000
0.000000
0
0
2
21
-1.000000
-1.000000
-1.000000
-1.000000
-1.000000
-1.000000
-1.000000
-1.000000
-1.000000
-1.000000
-1.000000
-1.000000
-1.000000
-1.000000
-1.000000
-1.000000
-1.000000
-1.000000
-1.000000
1.000000
0.000000
0
8
12
285
303
577
599
883
909
1202
9
18446744073709551615
0.300000
1
21
-1.000000
-1.000000
-1.000000
-1.000000
-1.000000
-1.000000
-1.000000
-1.000000
-1.000000
-1.000000
-1.000000
-1.000000
-1.000000
-1.000000
-1.000000
-1.000000
-1.000000
-1.000000
-1.000000
1.000000
2.000000
0
4
82
374
680
997
5
18446744073709551615
0.300000
1
0.000000
1
0.000000
0.000000
0
0
2
21
-1.000000
0.000000
-1.000000
-1.000000
-1.000000
-1.000000
-1.000000
-1.000000
-1.000000
-1.000000
-1.000000
-1.000000
-1.000000
-1.000000
-1.000000
-1.000000
-1.000000
-1.000000
-1.000000
-1.000000
0.000000
0
13
12
85
153
231
285
380
454
577
686
757
838
883
1012
10
18446744073709551615
0.100000
1
21
-1.000000
0.000000
-1.000000
-1.000000
-1.000000
-1.000000
-1.000000
-1.000000
-1.000000
-1.000000
-1.000000
-1.000000
-1.000000
-1.000000
-1.000000
-1.000000
-1.000000
-1.000000
-1.000000
-1.000000
3.000000
0
8
144
222
300
445
596
748
832
906
7
18446744073709551615
0.100000
1
0.000000
2
0.000000
0.000000
0
0
1
21
-1.000000
1.000000
-1.000000
3.000000
-1.000000
3.000000
-1.000000
3.000000
-1.000000
3.000000
-1.000000
3.000000
-1.000000
3.000000
-1.000000
3.000000
-1.000000
3.000000
1.000000
-1.000000
-1.000000
0
2
1015
1202
18446744073709551615
18446744073709551615
0.200000
1
0.000000
3
0.400000
0.000000
0
0
1
21
-1.000000
1.000000
-1.000000
-1.000000
-1.000000
-1.000000
-1.000000
-1.000000
-1.000000
-1.000000
-1.000000
-1.000000
-1.000000
-1.000000
-1.000000
-1.000000
-1.000000
-1.000000
-1.000000
-1.000000
-1.000000
0
2
1015
1202
0
18446744073709551615
0.400000
1
1
1
2.000000
0.000000
2.000000
0.000000
2.000000
0.000000
2.000000
0.000000
2.000000
0.000000
2.000000
0.000000
2.000000
0.000000
2.000000
0.000000
2.000000
0.000000
0.000000
1.000000
0.000000
12
0.000000
1
2.000000
0.000000
2.000000
0.000000
2.000000
0.000000
2.000000
0.000000
2.000000
0.000000
2.000000
0.000000
2.000000
0.000000
2.000000
0.000000
2.000000
0.000000
0.000000
1.000000
2.000000
82
4.000000
1
2.000000
0.000000
2.000000
0.000000
2.000000
0.000000
2.000000
0.000000
2.000000
0.000000
2.000000
0.000000
2.000000
0.000000
2.000000
0.000000
2.000000
0.000000
0.000000
0.000000
0.000000
85
5.000000
1
2.000000
0.000000
2.000000
0.000000
2.000000
0.000000
2.000000
0.000000
2.000000
0.000000
2.000000
0.000000
2.000000
0.000000
2.000000
0.000000
2.000000
0.000000
0.000000
0.000000
3.000000
144
9.000000
1
2.000000
3.000000
2.000000
0.000000
2.000000
0.000000
2.000000
0.000000
2.000000
0.000000
2.000000
0.000000
2.000000
0.000000
2.000000
0.000000
2.000000
0.000000
0.000000
0.000000
0.000000
147
18.000000
1
2.000000
3.000000
2.000000
0.000000
2.000000
0.000000
2.000000
0.000000
2.000000
0.000000
2.000000
0.000000
2.000000
0.000000
2.000000
0.000000
2.000000
0.000000
3.000000
0.000000
0.000000
150
9.000000
1
2.000000
0.000000
2.000000
0.000000
2.000000
0.000000
2.000000
0.000000
2.000000
0.000000
2.000000
0.000000
2.000000
0.000000
2.000000
3.000000
2.000000
0.000000
3.000000
0.000000
0.000000
153
18.000000
1
2.000000
0.000000
2.000000
0.000000
2.000000
0.000000
2.000000
0.000000
2.000000
0.000000
2.000000
0.000000
2.000000
0.000000
2.000000
3.000000
2.000000
0.000000
3.000000
0.000000
3.000000
222
9.000000
1
2.000000
3.000000
2.000000
0.000000
2.000000
0.000000
2.000000
0.000000
2.000000
0.000000
2.000000
0.000000
2.000000
0.000000
2.000000
3.000000
2.000000
0.000000
3.000000
0.000000
0.000000
225
18.000000
1
2.000000
3.000000
2.000000
3.000000
2.000000
0.000000
2.000000
0.000000
2.000000
0.000000
2.000000
0.000000
2.000000
0.000000
2.000000
0.000000
2.000000
0.000000
1.000000
0.000000
0.000000
228
22.000000
1
2.000000
0.000000
2.000000
0.000000
2.000000
0.000000
2.000000
0.000000
2.000000
0.000000
2.000000
0.000000
2.000000
0.000000
2.000000
3.000000
2.000000
3.000000
1.000000
0.000000
0.000000
231
36.000000
1
2.000000
0.000000
2.000000
0.000000
2.000000
0.000000
2.000000
0.000000
2.000000
0.000000
2.000000
0.000000
2.000000
0.000000
2.000000
3.000000
2.000000
3.000000
1.000000
1.000000
0.000000
285
1.000000
1
2.000000
0.000000
2.000000
0.000000
2.000000
0.000000
2.000000
0.000000
2.000000
0.000000
2.000000
0.000000
2.000000
0.000000
2.000000
3.000000
2.000000
3.000000
1.000000
1.000000
3.000000
300
9.000000
1
2.000000
3.000000
2.000000
0.000000
2.000000
0.000000
2.000000
0.000000
2.000000
0.000000
2.000000
0.000000
2.000000
0.000000
2.000000
3.000000
2.000000
3.000000
1.000000
1.000000
0.000000
303
18.000000
1
2.000000
3.000000
2.000000
0.000000
2.000000
0.000000
2.000000
0.000000
2.000000
0.000000
2.000000
0.000000
2.000000
0.000000
2.000000
3.000000
2.000000
3.000000
1.000000
1.000000
2.000000
374
4.000000
1
2.000000
3.000000
2.000000
0.000000
2.000000
0.000000
2.000000
0.000000
2.000000
0.000000
2.000000
0.000000
2.000000
0.000000
2.000000
3.000000
2.000000
3.000000
1.000000
0.000000
0.000000
377
5.000000
1
2.000000
0.000000
2.000000
0.000000
2.000000
0.000000
2.000000
0.000000
2.000000
0.000000
2.000000
0.000000
2.000000
0.000000
2.000000
3.000000
2.000000
0.000000
1.000000
0.000000
0.000000
380
18.000000
1
2.000000
0.000000
2.000000
0.000000
2.000000
0.000000
2.000000
0.000000
2.000000
0.000000
2.000000
0.000000
2.000000
0.000000
2.000000
3.000000
2.000000
0.000000
1.000000
0.000000
3.000000
445
9.000000
1
2.000000
3.000000
2.000000
0.000000
2.000000
0.000000
2.000000
0.000000
2.000000
0.000000
2.000000
0.000000
2.000000
0.000000
2.000000
3.000000
2.000000
0.000000
1.000000
0.000000
0.000000
448
18.000000
1
2.000000
3.000000
2.000000
3.000000
2.000000
0.000000
2.000000
0.000000
2.000000
0.000000
2.000000
0.000000
2.000000
0.000000
2.000000
0.000000
2.000000
0.000000
2.000000
0.000000
0.000000
451
19.000000
1
2.000000
0.000000
2.000000
0.000000
2.000000
0.000000
2.000000
0.000000
2.000000
0.000000
2.000000
0.000000
2.000000
0.000000
2.000000
3.000000
2.000000
3.000000
2.000000
0.000000
0.000000
454
36.000000
1
2.000000
0.000000
2.000000
0.000000
2.000000
0.000000
2.000000
0.000000
2.000000
0.000000
2.000000
0.000000
2.000000
0.000000
2.000000
3.000000
2.000000
3.000000
2.000000
1.000000
0.000000
577
1.000000
1
2.000000
0.000000
2.000000
0.000000
2.000000
0.000000
2.000000
0.000000
2.000000
0.000000
2.000000
0.000000
2.000000
0.000000
2.000000
3.000000
2.000000
3.000000
2.000000
1.000000
3.000000
596
9.000000
1
2.000000
3.000000
2.000000
0.000000
2.000000
0.000000
2.000000
0.000000
2.000000
0.000000
2.000000
0.000000
2.000000
0.000000
2.000000
3.000000
2.000000
3.000000
2.000000
1.000000
0.000000
599
18.000000
1
2.000000
3.000000
2.000000
0.000000
2.000000
0.000000
2.000000
0.000000
2.000000
0.000000
2.000000
0.000000
2.000000
0.000000
2.000000
3.000000
2.000000
3.000000
2.000000
1.000000
2.000000
680
4.000000
1
2.000000
3.000000
2.000000
0.000000
2.000000
0.000000
2.000000
0.000000
2.000000
0.000000
2.000000
0.000000
2.000000
0.000000
2.000000
3.000000
2.000000
3.000000
2.000000
0.000000
0.000000
683
5.000000
1
2.000000
0.000000
2.000000
0.000000
2.000000
0.000000
2.000000
0.000000
2.000000
0.000000
2.000000
0.000000
2.000000
0.000000
2.000000
3.000000
2.000000
0.000000
2.000000
0.000000
0.000000
686
18.000000
1
2.000000
0.000000
2.000000
0.000000
2.000000
0.000000
2.000000
0.000000
2.000000
0.000000
2.000000
0.000000
2.000000
0.000000
2.000000
3.000000
2.000000
0.000000
2.000000
0.000000
3.000000
748
9.000000
1
2.000000
3.000000
2.000000
0.000000
2.000000
0.000000
2.000000
0.000000
2.000000
0.000000
2.000000
0.000000
2.000000
0.000000
2.000000
3.000000
2.000000
0.000000
2.000000
0.000000
0.000000
751
18.000000
1
2.000000
3.000000
2.000000
3.000000
2.000000
0.000000
2.000000
0.000000
2.000000
0.000000
2.000000
0.000000
2.000000
0.000000
2.000000
0.000000
2.000000
0.000000
0.000000
0.000000
0.000000
754
22.000000
1
2.000000
0.000000
2.000000
0.000000
2.000000
3.000000
2.000000
0.000000
2.000000
0.000000
2.000000
0.000000
2.000000
0.000000
2.000000
3.000000
2.000000
3.000000
0.000000
0.000000
0.000000
757
45.000000
1
2.000000
0.000000
2.000000
0.000000
2.000000
3.000000
2.000000
0.000000
2.000000
0.000000
2.000000
0.000000
2.000000
0.000000
2.000000
3.000000
2.000000
3.000000
0.000000
0.000000
3.000000
832
9.000000
1
2.000000
3.000000
2.000000
0.000000
2.000000
3.000000
2.000000
0.000000
2.000000
0.000000
2.000000
0.000000
2.000000
0.000000
2.000000
3.000000
2.000000
3.000000
0.000000
0.000000
0.000000
835
18.000000
1
2.000000
0.000000
2.000000
3.000000
2.000000
0.000000
2.000000
0.000000
2.000000
0.000000
2.000000
0.000000
2.000000
0.000000
2.000000
3.000000
2.000000
0.000000
0.000000
0.000000
0.000000
838
36.000000
1
2.000000
0.000000
2.000000
3.000000
2.000000
0.000000
2.000000
0.000000
2.000000
0.000000
2.000000
0.000000
2.000000
0.000000
2.000000
3.000000
2.000000
0.000000
0.000000
1.000000
0.000000
883
1.000000
1
2.000000
0.000000
2.000000
3.000000
2.000000
0.000000
2.000000
0.000000
2.000000
0.000000
2.000000
0.000000
2.000000
0.000000
2.000000
3.000000
2.000000
0.000000
0.000000
1.000000
3.000000
906
9.000000
1
2.000000
3.000000
2.000000
3.000000
2.000000
0.000000
2.000000
0.000000
2.000000
0.000000
2.000000
0.000000
2.000000
0.000000
2.000000
3.000000
2.000000
0.000000
0.000000
1.000000
0.000000
909
18.000000
1
2.000000
3.000000
2.000000
3.000000
2.000000
0.000000
2.000000
0.000000
2.000000
0.000000
2.000000
0.000000
2.000000
0.000000
2.000000
3.000000
2.000000
0.000000
0.000000
1.000000
2.000000
997
4.000000
1
2.000000
3.000000
2.000000
3.000000
2.000000
0.000000
2.000000
0.000000
2.000000
0.000000
2.000000
0.000000
2.000000
0.000000
2.000000
3.000000
2.000000
0.000000
0.000000
0.000000
0.000000
1000
5.000000
1
2.000000
3.000000
2.000000
3.000000
2.000000
0.000000
2.000000
3.000000
2.000000
0.000000
2.000000
0.000000
2.000000
0.000000
2.000000
0.000000
2.000000
0.000000
3.000000
0.000000
0.000000
1003
27.000000
1
2.000000
3.000000
2.000000
0.000000
2.000000
3.000000
2.000000
3.000000
2.000000
0.000000
2.000000
0.000000
2.000000
0.000000
2.000000
3.000000
2.000000
3.000000
3.000000
0.000000
0.000000
1006
36.000000
1
2.000000
3.000000
2.000000
3.000000
2.000000
3.000000
2.000000
0.000000
2.000000
3.000000
2.000000
3.000000
2.000000
0.000000
2.000000
0.000000
2.000000
0.000000
1.000000
0.000000
0.000000
1009
58.000000
1
2.000000
0.000000
2.000000
3.000000
2.000000
3.000000
2.000000
3.000000
2.000000
3.000000
2.000000
3.000000
2.000000
3.000000
2.000000
3.000000
2.000000
3.000000
1.000000
0.000000
0.000000
1012
45.000000
1
2.000000
1.000000
2.000000
3.000000
2.000000
3.000000
2.000000
3.000000
2.000000
3.000000
2.000000
3.000000
2.000000
3.000000
2.000000
3.000000
2.000000
3.000000
1.000000
0.000000
0.000000
1015
1.000000
1
2.000000
1.000000
2.000000
3.000000
2.000000
3.000000
2.000000
3.000000
2.000000
3.000000
2.000000
3.000000
2.000000
3.000000
2.000000
3.000000
2.000000
3.000000
1.000000
1.000000
0.000000
1202
1.000000
0
-1
-1
