11
"@(#) Mona format 11"
0.050000
0.950000
0.000000
0.010000
0.100000
0.900000
0.100000
0.000000
5
50
10.000000
2
3
500
1
2
3
0.000000
0
2
0
3
1
2
3
3
2
4
6
0.545455
0.272727
0.181818
0.545455
0.272727
0.181818
1
2
8
13
4
4517
2
0
8
1
1
0
0
1
1
0
0
0.000000
0
0
1
8
1
0
0
1
0
0
0
0
0.000000
0
0
600
3210205157
3924116162
2179893504
1798514244
1879786863
643019461
2392959472
2043327518
1455857959
1087997182
4090825838
1228562667
2525683250
1224962334
3406218734
1097293009
3732571803
3796867516
3021746724
1250851188
2295622933
2780025473
590860246
3276366970
1895897253
3173768981
1811411826
2495519337
1219005526
3416658257
1275243681
2498585581
873872832
1844470277
273335861
1582913986
166675857
314661811
2991406625
4145330446
292151720
1548551655
2935568438
434649574
1269156622
3399162968
1717360746
486223726
1020906800
1257558018
183482580
4045367019
806220441
3766672985
2903039538
825127496
431720522
1703507731
2010167550
3192404820
3007446597
2351728823
1035754124
3025758561
3970950013
4288238968
1560360747
2335048457
3386564273
623264791
750624059
1336260538
1612494015
2871926294
2073243981
4284260962
1854402018
2166596343
638094351
102714899
3289535996
3536296955
95408721
2263608887
2689090875
3176169575
230079535
1295109195
757786555
3571956004
2561741925
3631701936
2989856441
678510471
3801470683
3444847764
3719912536
78496366
86876725
2798282903
1317149560
790122161
2994474707
2856115721
2259116047
2644278045
2706498364
1994121333
2676821268
2875480686
3142796623
2489085784
3350095522
1564710080
3658694893
2456430720
2228109370
301551031
2235089231
1866705257
2493113654
2093301191
1136781371
3604845400
1264266509
3152216438
1030995179
2322712711
311100564
2309144461
3792903296
1114708201
2124611408
2345205259
1665025708
1022722112
2800738381
2134157574
1845198564
1151589354
367563731
334369495
3070250265
2871482227
1692788287
3485086187
1159110142
3635386225
3595480066
41728569
340295192
2195713241
2187214588
1908993511
3832049449
3123277833
2490154809
1114617681
1068349195
2591946319
373187959
667715163
2304705407
4238346403
3321604728
2337938524
2454835342
2877875204
2464838161
3099167358
2591276049
1157574384
1453470300
3483862650
969053497
3052290501
1525043436
217241218
2676575611
2778987922
1169335755
203039746
554241643
3204854714
1285336233
2621795953
1399182949
2819610622
2876592683
2092969701
2462518404
1990205939
2200954263
1448017888
3951132891
885117230
3514381562
4043932610
1773988472
2278351457
2261092979
1843952718
2324659366
2180055335
4204632467
490520156
1822423610
2743155310
945886729
2666149722
3701770946
3623553583
2511109087
4107276051
990174071
144995715
1720713462
871262157
1900349842
1043706040
1035710400
3051125408
1354330994
1635833098
2677822970
3849938419
3372372299
3609412054
3324776582
632661030
4251779627
3163935307
936406251
3096375147
811843060
1436779247
2757598178
2332763759
958281665
1655653068
2755938521
3026763192
1816009163
545672599
791745847
2085784909
765435413
1499116484
4293913243
573162345
480207318
2165372240
1579788991
1206482906
3407156918
1937925933
3522326251
835507433
2485297777
1942574515
2850022822
4208719980
4057274492
1221648117
3157604756
3325576163
2316568361
2621700332
333913372
2796426936
3436735691
2609377992
3896648000
2421041581
2351569072
3134057550
1735111360
2666169804
3232912682
3276778936
2021389124
68270628
3682154978
1797308696
1162601352
2723993634
2476231205
910537037
2730708129
4288256773
4188234486
2153528253
3790494845
988054540
3315780173
3485864665
3383829449
2141408942
2512562844
3689459173
825008582
3203904093
2555630066
2405739330
2035858534
1427996875
1351971350
3067185106
2395882275
1265794409
891307867
4091486445
1497632215
1118873388
3872079704
123341729
3678891191
4077678940
2937648090
1484269807
3317959440
3658641362
3447759477
4185762879
662929046
3111655879
1495346359
1401371463
2433781265
3030734611
1446763548
2814559319
3152334604
1345719370
2758473029
1729439627
1980518396
200131628
754443346
3633380881
3221499478
1252594968
4228061909
2088330343
3797241395
3545443424
3699417742
3233331741
3136523096
2287296226
3894986904
3480823280
3669829444
2173474089
1746541797
247587031
790816115
3408139320
1260238103
139846175
3533434150
1450893530
1149608219
1651984248
1664862141
1049969917
3622315681
3469294911
992274525
1173552260
926103151
3675632827
1935900821
2041402302
3381916639
2771438789
1416582068
687531078
2675381855
2167976800
3225552498
2235451263
2698560873
3380135484
3281873719
3366069727
1664650787
1707808139
301511354
1801400949
1694600880
507905008
3758478905
1166230202
2360912683
1398170192
4012683594
4285597089
28503999
870330578
4192814075
3181027206
2798972057
1352069882
2386419493
114873457
3237758896
2531517785
1127619449
2143968132
1066945661
2895300395
2144409268
1690504052
3935918892
2735383425
3283930328
2594875775
3243925236
4074358776
734054155
2089536824
1269007033
1541016380
2699465277
2085649160
620626107
3687254553
2604802716
2978520158
3953314272
1398821441
2369425274
3549234989
653341296
2762167399
3072788792
112813953
2955850576
1151904068
3148904667
749048242
3467485549
3860673996
846348839
1158560163
1542637626
3363468126
888780282
2355198730
1430137725
576208034
596991468
296674094
4217840430
1167665463
1055752155
2529273210
3578677859
3723191025
1784379278
3104482128
635529043
1825613078
4175720514
3553941481
2618320356
2747755652
1591122001
1432542450
1630978337
1573347624
912731704
1313935268
118539220
3122772536
3302748526
1901437018
2725968014
4269282904
3084555112
2828995899
1385725544
357302092
1607626635
1930083354
2308386352
3326206979
3010254647
4241455776
3750548459
1107553059
1882097858
3578750139
488514466
2849071900
1060328340
381324337
3478345000
4104076570
1016644366
4173038076
2774466788
1630529742
1349565172
1284558631
2467903575
1301609485
663774298
2008183386
2374875130
2120433561
3440111649
2102221447
2884843200
1547433997
1906927291
1055489724
4242877351
1706943834
334030979
827256111
1145151888
247819357
2124673022
3305657440
1234135881
2292325632
368321895
3852996623
2692094159
2736687937
2006360670
2817023208
2000663718
1624719916
2829175863
1133862870
4004235916
6935865
2702141866
2544029343
821994468
330125566
3201269002
4143422910
3543567029
1442446066
3330885636
2447992211
494035670
1501709649
3332327714
3372065096
1641101359
1975349755
1034123827
2540987452
2266041650
1022376048
1656834128
1487098600
3368408135
985224904
2629743213
2787828910
3776512140
301345747
265359534
4016160062
2757734103
1119192183
1254739962
1689886555
1778191059
2501028749
3798365077
1089084545
1749036048
3502566073
1537868920
3407654113
4097331501
613917902
687351991
1010041613
922184197
1547452387
1175553217
1462260693
3712810442
412167801
1232742761
181479642
3991731631
3586195603
2714632993
1136269789
3080378054
2915486848
517175112
1204896749
2787062948
1880144839
134210054
1298178054
3561499461
4221096635
3851323316
1235327523
54905974
260984224
3186623597
2573787768
2675346424
1590276815
3834728183
3562149367
4096960189
3329782761
495536356
2158808422
2155994044
697297511
1.000000
5.000000
0.000000
0.000000
0.000000
0.000000
0.000000
0.000000
2
20
7
6
1.000000
17
17
1.000000
4
0.400000
0.000000
0.200000
0.100000
57
1.000000
18
18
1.000000
4
0.000000
0.000000
0.200000
0.100000
87
1.000000
18
18
1.000000
4
0.000000
0.000000
0.200000
0.100000
5
1.000000
18
18
1.000000
4
0.000000
0.000000
0.200000
0.100000
57
1.000000
19
19
1.000000
4
0.000000
0.000000
0.200000
0.100000
87
1.000000
19
19
1.000000
4
0.000000
0.000000
0.200000
0.100000
11
1.000000
19
19
1.000000
4
0.000000
0.000000
0.200000
0.100000
4
85
1.000000
16
17
1.000000
4
0.400000
0.000000
0.200000
0.100000
86
1.000000
16
17
1.000000
4
0.400000
0.000000
0.200000
0.100000
88
1.000000
17
18
1.000000
4
0.000000
0.000000
0.200000
0.100000
89
1.000000
17
18
1.000000
4
0.000000
0.000000
0.200000
0.100000
9
13
0
0
0.000000
4
0.000000
0.000000
0.000000
0.000000
0
0.000000
0
8
15
2
18
2
50
2
15
0
50
0
18
0
58
0
81
0
0
2.000000
0.000000
0.000000
0.000000
1.000000
0.000000
0.000000
0.000000
0
0
14
0
0
0.000000
4
0.000000
0.000000
0.000000
0.100000
0
0.025000
0
4
16
2
16
0
19
0
83
0
1
2.000000
0.000000
0.000000
1.000000
0.000000
0.000000
0.000000
0.000000
0
0
17
0
3
0.000000
4
0.000000
0.000000
0.000000
0.000000
0
0.000000
0
2
19
2
22
0
1
2.000000
0.000000
0.000000
5.000000
0.000000
0.000000
0.000000
0.000000
0
0
20
0
4
0.000000
4
0.000000
0.000000
0.000000
0.000000
0
0.000000
0
6
22
2
26
2
51
2
51
0
26
0
59
0
1
2.000000
0.000000
0.000000
0.000000
0.000000
0.000000
0.000000
0.000000
0
0
56
0
11
0.000000
4
0.000000
0.000000
0.000000
0.000000
0
0.000000
0
4
58
2
64
2
64
0
74
0
0
1.000000
3.000000
0.000000
0.000000
1.000000
0.000000
0.000000
0.000000
0
0
57
0
11
1.000000
4
0.000000
0.000000
0.000000
0.000000
0
0.000000
0
8
59
2
65
2
83
2
85
2
88
2
65
0
88
0
85
0
1
1.000000
0.000000
0.000000
0.000000
0.000000
0.000000
0.000000
0.000000
0
0
72
0
14
0.000000
4
0.000000
0.000000
0.000000
0.000000
0
0.000000
0
5
74
2
80
2
81
2
80
0
86
0
0
1.000000
1.000000
0.000000
0.000000
1.000000
0.000000
0.000000
0.000000
0
0
84
0
17
0.000000
4
0.000000
0.000000
0.000000
0.000000
0
0.000000
0
2
86
2
89
0
0
1.000000
0.000000
0.000000
0.000000
1.000000
2.000000
0.000000
0.000000
0
0
87
0
18
1.000000
4
0.400000
0.000000
0.000000
0.000000
0
0.000000
0
1
89
2
0
1.000000
5.000000
0.000000
0.000000
0.000000
0.000000
0.000000
0.000000
0
0
13
0
1
0
0.000000
4
0.000000
0.000000
0.000000
0.000000
0
0.000000
0
0
0
-1
-1
-1
1
1
0
0.000000
4
0.000000
0.000000
0.000000
0.000000
0
0.000000
0
30
18
1
19
1
22
1
23
1
24
1
26
1
27
1
28
1
29
1
30
1
33
1
36
1
52
1
53
1
54
1
55
1
58
1
59
1
64
1
65
1
66
1
67
1
68
1
69
1
74
1
75
1
76
1
77
1
78
1
80
1
1
1
-1
-1
2
1
0
1.000000
4
0.000000
0.000000
0.000000
0.000000
0
0.000000
0
6
50
1
51
1
60
1
61
1
62
1
63
1
2
2
-1
-1
3
1
0
0.000000
4
0.000000
0.000000
0.000000
0.000000
0
0.000000
0
2
15
1
16
1
3
3
-1
-1
4
1
0
0.000000
4
0.000000
0.000000
0.000000
0.000000
0
0.000000
0
0
4
4
-1
-1
5
1
0
0.000000
4
0.000000
0.000000
0.000000
0.000000
0
0.000000
0
2
88
1
89
1
5
-1
-1
-1
6
1
0
0.000000
4
0.000000
0.000000
0.000000
0.000000
0
0.000000
0
6
85
1
86
1
90
1
92
1
94
1
95
1
6
-1
-1
-1
7
1
0
0.000000
4
0.000000
0.000000
0.000000
0.000000
0
0.000000
0
0
7
-1
-1
-1
8
1
0
0.000000
4
0.000000
0.000000
0.000000
0.000000
0
0.000000
0
0
8
-1
-1
-1
9
1
0
0.000000
4
0.000000
0.000000
0.000000
0.000000
0
0.000000
0
0
9
-1
-1
-1
10
1
0
0.000000
4
0.000000
0.000000
0.000000
0.000000
0
0.000000
0
0
10
-1
-1
-1
11
1
0
0.000000
4
0.000000
0.000000
0.000000
0.000000
0
0.000000
0
0
11
-2
-1
-1
12
1
0
0.000000
4
0.000000
0.000000
0.000000
0.000000
0
0.000000
0
0
12
-3
-1
-1
1
82
1
16
0.000000
4
0.000000
0.000000
0.000000
0.000000
0
0.000000
0
2
81
1
83
1
11
-1
3
5
48
15
2
2
0.000000
4
0.000000
0.000000
0.000000
0.000000
0
0.000000
0
1
23
0
0
0.950000
0.475000
0.000000
13
1
3
13
0
0
18446744073709551615
16
2
2
0.000000
4
0.000000
0.000000
0.000000
0.000000
0
0.000000
0
1
24
0
0
0.950000
0.475000
0.000000
14
1
3
14
0
0
18446744073709551615
18
2
3
0.000000
4
0.000000
0.000000
0.000000
0.000000
0
0.000000
0
10
27
2
28
2
33
2
36
2
27
0
30
0
53
0
54
0
60
0
62
0
0
0.345569
0.651661
5.000000
13
1
1
13
0
0
18446744073709551615
19
2
3
0.000000
4
0.000000
0.000000
0.000000
0.000000
0
0.000000
0
2
28
0
29
0
0
0.950000
0.475000
0.000000
14
1
1
17
0
0
18446744073709551615
22
2
4
0.000000
4
0.000000
0.000000
0.000000
0.000000
0
0.000000
0
3
23
2
24
2
33
0
0
0.950000
0.475000
0.000000
17
1
1
20
0
0
18446744073709551615
23
2
4
0.000000
4
0.000000
0.000000
0.000000
0.000000
0
0.000000
0
0
1
0.950000
0.475000
0.000000
15
1
1
22
0
0
18446744073709551615
24
2
4
0.000000
4
0.000000
0.000000
0.000000
0.000000
0
0.000000
0
0
1
0.950000
0.475000
0.000000
16
1
1
22
0
0
18446744073709551615
26
2
5
0.000000
4
0.000000
0.000000
0.000000
0.000000
0
0.000000
0
7
29
2
30
2
36
0
52
0
55
0
61
0
63
0
0
0.343385
0.596980
3.000000
20
1
1
20
0
0
18446744073709551615
27
2
5
0.000000
4
0.000000
0.000000
0.000000
0.000000
0
0.000000
0
0
1
0.963191
0.596980
3.000000
18
1
1
18
0
0
18446744073709551615
28
2
5
0.000000
4
0.000000
0.000000
0.000000
0.000000
0
0.000000
0
0
1
0.950000
0.475000
0.000000
19
1
1
18
0
0
18446744073709551615
29
2
5
0.000000
4
0.000000
0.000000
0.000000
0.000000
0
0.000000
0
0
1
0.950000
0.475000
0.000000
19
1
1
26
0
0
18446744073709551615
30
2
5
0.000000
4
0.000000
0.000000
0.000000
0.000000
0
0.000000
0
0
1
0.963191
0.596980
3.000000
18
1
1
26
0
0
18446744073709551615
33
2
6
0.000000
4
0.000000
0.000000
0.000000
0.000000
0
0.000000
0
0
1
0.950000
0.475000
0.000000
22
1
1
18
0
0
18446744073709551615
36
2
7
0.000000
4
0.000000
0.000000
0.000000
0.000000
0
0.000000
0
0
1
0.954853
0.522881
1.000000
26
1
1
18
0
0
18446744073709551615
50
2
10
0.000000
4
0.000000
0.000000
0.000000
0.000000
0
0.000000
0
4
52
2
53
2
66
0
68
0
0
0.950000
0.475000
0.000000
13
1
2
13
0
0
18446744073709551615
51
2
10
0.000000
4
0.000000
0.000000
0.000000
0.000000
0
0.000000
0
4
54
2
55
2
67
0
69
0
0
0.950000
0.475000
0.000000
20
1
2
20
0
0
18446744073709551615
52
2
10
0.000000
4
0.000000
0.000000
0.000000
0.000000
0
0.000000
0
0
1
0.950000
0.475000
0.000000
26
1
1
50
0
0
18446744073709551615
53
2
10
0.000000
4
0.000000
0.000000
0.000000
0.000000
0
0.000000
0
0
1
0.950000
0.475000
0.000000
18
1
1
50
0
0
18446744073709551615
54
2
10
0.000000
4
0.000000
0.000000
0.000000
0.000000
0
0.000000
0
0
1
0.950000
0.475000
0.000000
18
1
1
51
0
0
18446744073709551615
55
2
10
0.000000
4
0.000000
0.000000
0.000000
0.000000
0
0.000000
0
0
1
0.950000
0.475000
0.000000
26
1
1
51
0
0
18446744073709551615
58
2
11
0.000000
4
0.000000
0.000000
0.000000
0.000000
0
0.000000
0
2
60
2
61
2
0
0.950000
0.475000
0.000000
13
1
1
56
0
0
18446744073709551615
59
2
11
0.000000
4
0.000000
0.000000
0.000000
0.000000
0
0.000000
0
2
62
2
63
2
0
0.950000
0.475000
0.000000
20
1
1
57
0
0
18446744073709551615
60
2
11
0.000000
4
0.000000
0.000000
0.000000
0.000000
0
0.000000
0
0
1
0.950000
0.475000
0.000000
18
1
2
58
0
0
18446744073709551615
61
2
11
0.000000
4
0.000000
0.000000
0.000000
0.000000
0
0.000000
0
0
1
0.950000
0.475000
0.000000
26
1
2
58
0
0
18446744073709551615
62
2
11
0.000000
4
0.000000
0.000000
0.000000
0.000000
0
0.000000
0
0
1
0.950000
0.475000
0.000000
18
1
2
59
0
0
18446744073709551615
63
2
11
0.000000
4
0.000000
0.000000
0.000000
0.000000
0
0.000000
0
0
1
0.950000
0.475000
0.000000
26
1
2
59
0
0
18446744073709551615
64
2
12
0.000000
4
0.000000
0.000000
0.000000
0.000000
0
0.000000
0
4
66
2
67
2
75
0
78
0
0
0.339147
0.475000
0.000000
56
1
1
56
0
0
18446744073709551615
65
2
12
0.000000
4
0.000000
0.000000
0.000000
0.000000
0
0.000000
0
6
68
2
69
2
75
2
76
2
76
0
77
0
0
0.000000
0.562950
2.000000
57
1
1
57
3
0.523219
0.000000
1
0
1
19
4
0.000000
0.000000
0.200000
0.100000
0.261609
0.000000
1
1
1
19
4
0.000000
0.000000
0.200000
0.100000
0.174406
0.000000
1
2
1
19
4
0.000000
0.000000
0.200000
0.100000
0
18446744073709551615
66
2
12
0.000000
4
0.000000
0.000000
0.000000
0.000000
0
0.000000
0
0
1
0.950000
0.475000
0.000000
50
1
1
64
0
0
18446744073709551615
67
2
12
0.000000
4
0.000000
0.000000
0.000000
0.000000
0
0.000000
0
0
1
0.950000
0.475000
0.000000
51
1
1
64
0
0
18446744073709551615
68
2
12
0.000000
4
0.000000
0.000000
0.000000
0.000000
0
0.000000
0
0
1
0.950000
0.475000
0.000000
50
1
1
65
0
0
18446744073709551615
69
2
12
0.000000
4
0.000000
0.000000
0.000000
0.000000
0
0.000000
0
0
1
0.950000
0.475000
0.000000
51
1
1
65
0
0
18446744073709551615
74
2
14
0.000000
4
0.000000
0.000000
0.000000
0.000000
0
0.000000
0
2
77
2
78
2
0
0.950000
0.475000
0.000000
56
1
1
72
0
0
18446744073709551615
75
2
14
0.000000
4
0.000000
0.000000
0.000000
0.000000
0
0.000000
0
0
1
0.950000
0.475000
0.000000
64
1
1
65
0
0
18446744073709551615
76
2
14
0.000000
4
0.000000
0.000000
0.000000
0.000000
0
0.000000
0
0
1
0.950000
0.475000
0.000000
65
1
1
65
0
0
18446744073709551615
77
2
14
0.000000
4
0.000000
0.000000
0.000000
0.000000
0
0.000000
0
0
1
0.950000
0.475000
0.000000
65
1
1
74
0
0
18446744073709551615
78
2
14
0.000000
4
0.000000
0.000000
0.000000
0.000000
0
0.000000
0
0
1
0.950000
0.475000
0.000000
64
1
1
74
0
0
18446744073709551615
80
2
15
0.000000
4
0.000000
0.000000
0.000000
0.000000
0
0.000000
0
0
0
0.950000
0.475000
0.000000
72
1
1
72
0
0
18446744073709551615
81
2
16
0.000000
4
0.000000
0.000000
0.000000
0.000000
0
0.000000
0
2
90
0
94
0
0
0.950000
0.475000
0.000000
13
1
82
72
0
0
18446744073709551615
83
2
16
0.000000
4
0.000000
0.000000
0.000000
0.000000
0
0.000000
0
2
92
0
95
0
0
0.950000
0.475000
0.000000
14
1
82
57
0
0
18446744073709551615
85
2
17
0.000000
4
0.000000
0.000000
0.000000
0.000000
0
0.000000
0
0
0
0.000000
0.475000
0.000000
57
1
6
57
3
0.518182
0.000000
1
0
1
19
4
0.000000
0.000000
0.200000
0.100000
0.259091
0.000000
1
1
1
19
4
0.000000
0.000000
0.200000
0.100000
0.172727
0.000000
1
2
1
19
4
0.000000
0.000000
0.200000
0.100000
0
18446744073709551615
86
2
17
0.000000
4
0.000000
0.000000
0.000000
0.000000
0
0.000000
0
0
0
0.950000
0.475000
0.000000
72
1
6
84
0
0
18446744073709551615
88
2
18
0.000000
4
0.000000
0.000000
0.000000
0.000000
0
0.000000
0
2
90
2
92
2
0
0.000000
0.475000
0.000000
57
1
5
57
3
0.518182
0.000000
1
0
1
19
4
0.000000
0.000000
0.200000
0.100000
0.259091
0.000000
1
1
1
19
4
0.000000
0.000000
0.200000
0.100000
0.172727
0.000000
1
2
1
19
4
0.000000
0.000000
0.200000
0.100000
0
18446744073709551615
89
2
18
0.000000
4
0.000000
0.000000
0.000000
0.000000
0
0.000000
0
2
94
2
95
2
0
0.950000
0.475000
0.000000
84
1
5
87
0
0
18446744073709551615
90
2
18
0.000000
4
0.000000
0.000000
0.000000
0.000000
0
0.000000
0
0
1
0.950000
0.475000
0.000000
81
1
6
88
0
0
18446744073709551615
92
2
18
0.000000
4
0.000000
0.000000
0.000000
0.000000
0
0.000000
0
0
1
0.950000
0.475000
0.000000
83
1
6
88
0
0
18446744073709551615
94
2
18
0.000000
4
0.000000
0.000000
0.000000
0.000000
0
0.000000
0
0
1
0.950000
0.475000
0.000000
81
1
6
89
0
0
18446744073709551615
95
2
18
0.000000
4
0.000000
0.000000
0.000000
0.000000
0
0.000000
0
0
1
0.950000
0.475000
0.000000
83
1
6
89
0
0
18446744073709551615
0.000000
0
0.000000
0.000000
0
0
1
8
-1.000000
-1.000000
0.000000
0.000000
0.000000
0.000000
0.000000
0.000000
0
1
87
18446744073709551615
18446744073709551615
0.400000
1
0.000000
1
0.000000
0.000000
0
0
0
0.200000
2
0.000000
0.000000
0
0
0
0.100000
3
0.000000
0.000000
0
0
1
8
-1.000000
0.000000
0.000000
1.000000
0.000000
0.000000
0.000000
0.000000
1
1
14
18446744073709551615
18446744073709551615
0.100000
1
3
1
2.000000
0.000000
0.000000
0.000000
1.000000
0.000000
0.000000
0.000000
13
0.000000
1
1.000000
3.000000
0.000000
0.000000
1.000000
0.000000
0.000000
0.000000
56
10.000000
1
1.000000
1.000000
0.000000
0.000000
1.000000
0.000000
0.000000
0.000000
72
4.000000
1
1.000000
0.000000
0.000000
0.000000
1.000000
2.000000
0.000000
0.000000
84
5.000000
1
1.000000
5.000000
0.000000
0.000000
0.000000
0.000000
0.000000
0.000000
87
30.000000
0
1
2.000000
0.000000
0.000000
1.000000
0.000000
0.000000
0.000000
0.000000
14
0.000000
1
2.000000
0.000000
0.000000
5.000000
0.000000
0.000000
0.000000
0.000000
17
16.000000
1
2.000000
0.000000
0.000000
0.000000
0.000000
0.000000
0.000000
0.000000
20
25.000000
1
1.000000
0.000000
0.000000
0.000000
0.000000
0.000000
0.000000
0.000000
57
1.000000
0
0
11
12
