11
"@(#) Mona format 11"
0.050000
0.050000
0.000000
0.100000
0.900000
0.100000
0.000000
10.000000
2
3
200
3
3
3
0.000000
0
2
0
3
1
2
3
3
2
4
6
3
4
8
12
3
8
16
24
0.545455
0.272727
0.181818
0.545455
0.272727
0.181818
0.545455
0.272727
0.181818
0.545455
0.272727
0.181818
1
2
4
8
14
14
4
4517
1
0
14
1
1
1
1
1
1
1
1
1
1
1
1
1
1
0.000000
0
0
475
3168202230
1142730874
2579854420
407283157
1734229215
4270975612
412677541
246775615
2204821279
2774742507
389402238
2089806070
3542442740
2827524450
1128314978
3735320474
2707853296
427911737
3471420849
3813645460
1099612938
2529572526
919378738
4075659732
2919957606
3933433166
489362926
620687384
2134523052
600811576
3930152846
420523410
3227378047
1421505420
3409575196
2093698933
3839323698
2049099604
582297005
3175408906
1140334001
2371759082
297030000
1073122799
2954054372
1578170182
1624635525
3170965832
327109222
381888125
683093212
4073774379
601039431
2495491677
4262566620
2871639156
237228263
2198276594
3402537118
1028624646
3166327330
343430838
4240588710
3495398548
1838495988
2008139992
50019916
603270099
1051240767
575382113
2271334373
3026195436
3174390163
1691214941
3582232243
3236365625
3264453434
2696034202
46133165
3386687332
2784095312
2158289000
86949062
3186665874
1381443245
1371562491
3218073662
3257183992
3603180592
2555927727
2799696951
1480111039
1318559735
2951640072
1588137220
663968328
2893614467
1010101963
2058367062
1161761919
1677872628
2267383380
2930797211
1061072110
457462593
4056732235
1671121903
3724095219
116130919
3964441235
3486388074
466785938
2115618992
3759264108
3505179446
3874590201
3290204083
262257425
3390163310
2588404899
432878767
472774147
2210418421
1792505653
3774928589
2178885130
3799725616
3879266319
2173325637
3241148670
1385538208
3004232824
1358721187
2007920603
3054348280
2750296560
1017641071
2524918729
3528873924
4172468176
3638923645
962495317
3727785166
1005554168
1210949265
3545677581
1836204016
3283171457
3506601406
3505603071
3632556567
1226540755
1890497208
3449442785
3787945672
3674512301
4099552773
1575446304
3116128818
1120243243
3839772199
1505672825
1013354248
3847185588
3130410229
2390115789
2938371089
3252136359
3427694924
3104314905
1585535076
3144988381
3863908200
3923825400
2326027367
3698808776
1145105654
1971658591
1864566655
1785888281
3890378800
195211112
3059347925
3605121766
3669359342
376870457
3435847893
378604503
2726073136
3350095604
4003414953
2884433061
871068908
1252018676
2206684567
538149786
97072316
1574100403
51663310
4232280396
2057782686
820796138
2603249007
500571099
726871693
1866132037
524882964
820052696
3770295875
2470581993
2200549798
479703446
2777030594
1946839490
2709229316
3547378964
558622351
917299474
2030123858
3569172368
1942805410
211460173
165355589
2152586834
4289703668
3511301240
205633338
1289339449
3028206037
1457072419
1527827563
1361372240
1635183138
3178235467
1291570402
4151089970
2607519298
1188758562
442164520
2549753444
1762486824
4202971000
1982012601
3082356266
2154892929
2829095515
4267672343
4277827509
3839634367
2186503550
158713682
1824141922
2455735803
3187560895
1525479573
532651682
1272434933
2076439575
1941149048
3504220061
205273032
1600383362
4075747514
1442291803
981335952
425569543
2211205077
2609409737
2482331031
2181172267
935498340
347486942
3312805764
800947960
467799415
1267996577
2410736226
826724299
716545594
3284150530
524223469
2423572497
122252066
1340592535
1525030098
2541013301
1655163921
3882306331
1912129925
782015802
233271576
1778649305
3791219525
3215390509
1542229006
3057271781
398581254
1104192873
213551757
959693894
291234531
3615887525
626486475
1350165521
180516160
375912592
1374383854
3777233305
938179579
1155461794
3097371997
862400420
2630410491
1180964298
1358213977
3746378599
25328525
1803582597
3650876174
1761494186
3888351542
2467066060
276645424
3673344781
1185875755
3941648171
3022402737
2475195847
1543267481
2805077095
260154431
188324099
766120080
4149139509
3409053602
3882093483
12219181
1590114905
2435573967
3747487337
3760724180
1051901959
2523487943
1988093322
3533122532
3699362806
2286235431
1962575916
4290774946
4284360775
4076844707
1194845020
1186186435
2117762181
3715256741
2106942499
786666410
3643811411
951819393
1408236384
2879311572
2828990234
3794090761
3014689594
4095384074
2645278370
2138498733
1802265398
1352648865
1557733184
2029559603
415049304
2174164500
3924623679
2473622725
1390845411
2311973766
166489206
1107006144
2443150292
1377103353
1278711282
2063154820
228304022
1773707080
4122814243
590525195
3317309889
5038298
38870731
363309798
2871035597
3380511067
3155003097
1006458536
2684098849
2045477681
551008228
484034561
1905112037
3081606763
3177588869
458065792
2073157041
685053270
2423676366
2402160806
2439267427
1146384024
333902605
2878179615
1160719373
3423765428
3660000525
3273076360
1603749295
3608978591
3224548378
4279427371
1382207430
3763843815
2676977404
1825404387
4217077355
587014620
3194209945
3240537233
3531690125
2800448584
455828802
3281993536
632653649
3404937309
2209340864
451845025
3427508666
2638664444
1951032078
4098777290
2262548423
1421352610
1396536597
1842184525
1896767786
1427725471
3666368922
1746661968
1923004889
3664297483
1693135849
1267790950
2486392516
2898890011
3551684985
1608221182
1513004353
3192329941
3012410982
1734842134
925348764
471934695
1333574684
1911988310
3344147495
1106808573
3455197981
1002674438
1383589810
322936436
1173059849
1598204939
2776718610
1758068066
2588318464
4040146743
247907063
1393471734
4034251747
3681597845
4118520049
4187539915
3745419663
841489609
2211748973
3272666814
4137985468
1239975415
2488945731
3514969463
2865818239
2987930500
1902440044
2030635646
3387556102
3164401462
4164637433
4035701161
3186678269
2661681034
4258384056
554316915
1497993849
294316650
2866810256
1492186132
3780286165
45010159
549338795
849102931
2663199531
2455125530
3760700829
682426026
1205274954
3150471022
3043146270
4182077157
3872287797
3474054609
4103810564
3464992082
1434928740
3392903759
2026240116
2045356172
1398204237
3780185687
152295005
1473010371
2385760321
2374542622
1969835742
1039888800
2869856679
3548246006
2503355787
3303806940
3799977553
4144416302
2504927437
2782331524
1923160501
2901110899
361359989
2317032622
1023248958
4110656003
1858640496
259022370
3350071879
1547332964
1454921769
1987376506
780484262
4227230071
1140218885
2908174824
3709384485
847750574
1282796602
2783173941
130746960
970025490
2568030997
2154604516
3142359234
3913777489
1772693555
2956700979
343672967
544421549
1149290353
1778523221
249611990
746352934
3334848853
3537651517
1787243983
3168054411
3758807140
1584695677
3560222318
525014859
2454437837
3178843824
1955406496
1834367906
1287671687
125801996
2699887571
1348742128
1130909895
503555648
2571018157
3980466554
1774616485
2966011156
1121962773
893590783
339451784
516883740
279499819
151917342
91203961
2105823780
873746272
1710515129
2060002354
4206730232
456205456
3589797623
318646819
3897823817
3804739476
4191009410
1896969941
3363880738
4102593110
2804193980
3283746721
1426205070
2584221660
1444332551
662762954
2.000000
1.000000
2.000000
3.000000
2.000000
3.000000
2.000000
3.000000
2.000000
3.000000
1.000000
0.000000
0.000000
0.000000
10
700
11
4
1.000000
691
691
1.000000
4
0.000000
0.200000
0.000000
0.000000
5
1.000000
692
692
1.000000
4
0.000000
0.200000
0.000000
0.000000
6
1.000000
693
693
1.000000
4
0.000000
0.200000
0.000000
0.000000
0
1.000000
694
694
1.000000
4
0.000000
0.200000
0.000000
0.000000
7
1.000000
695
695
1.000000
4
0.000000
0.200000
0.000000
0.000000
8
1.000000
696
696
1.000000
4
0.000000
0.200000
0.000000
0.000000
6
1.000000
697
697
1.000000
4
0.000000
0.200000
0.000000
0.000000
3888
1.000000
698
698
1.000000
4
0.000000
0.200000
0.000000
0.000000
9
1.000000
698
698
1.000000
4
0.000000
0.200000
0.000000
0.000000
3888
1.000000
699
699
1.000000
4
0.000000
0.200000
0.000000
0.000000
4
1.000000
699
699
1.000000
4
0.000000
0.200000
0.000000
0.000000
3
3921
0.814507
696
697
0.979692
4
0.000000
0.200000
0.000000
0.000000
3935
0.748035
697
698
0.971387
4
0.000000
0.200000
0.000000
0.000000
3895
0.580216
698
699
0.947020
4
0.000000
0.200000
0.000000
0.000000
4
4237
0.350064
694
697
0.900357
4
0.000000
0.200000
0.000000
0.000000
3979
0.050000
696
698
0.741134
4
0.000000
0.200000
0.000000
0.000000
4240
0.434022
695
698
0.919922
4
0.000000
0.200000
0.000000
0.000000
4245
0.472590
696
699
0.927787
4
0.000000
0.200000
0.000000
0.000000
5
4231
0.018248
686
694
0.670070
4
0.000000
0.200000
0.000000
0.000000
4232
0.185776
687
694
0.845082
4
0.000000
0.200000
0.000000
0.000000
4238
0.148837
690
697
0.826554
4
0.000000
0.200000
0.000000
0.000000
4242
0.027978
691
698
0.699329
4
0.000000
0.200000
0.000000
0.000000
4243
0.242860
691
698
0.868032
4
0.000000
0.200000
0.000000
0.000000
31
14
0
0
0.000000
4
0.000000
0.200000
0.000000
0.000000
0
0.050000
0
2
15
2
15
0
0
2.000000
0.000000
2.000000
0.000000
2.000000
0.000000
2.000000
0.000000
2.000000
0.000000
0.000000
0.000000
0.000000
0.000000
0
0
115
0
22
0.000000
4
0.000000
0.200000
0.000000
0.000000
0
0.050000
0
0
0
2.000000
0.000000
2.000000
0.000000
2.000000
0.000000
2.000000
0.000000
2.000000
0.000000
0.000000
0.000000
3.000000
0.000000
0
0
121
0
23
0.000000
4
0.000000
0.000000
0.000000
0.000000
0
0.000000
0
0
0
2.000000
3.000000
2.000000
0.000000
2.000000
0.000000
2.000000
0.000000
2.000000
0.000000
0.000000
0.000000
0.000000
0.000000
0
0
127
0
24
0.000000
4
0.000000
0.000000
0.000000
0.000000
0
0.000000
0
0
0
2.000000
3.000000
2.000000
0.000000
2.000000
0.000000
2.000000
0.000000
2.000000
0.000000
3.000000
0.000000
0.000000
0.000000
0
0
132
0
25
0.000000
4
0.000000
0.200000
0.000000
0.000000
0
0.050000
0
2
138
2
138
0
0
2.000000
0.000000
2.000000
0.000000
2.000000
0.000000
2.000000
0.000000
2.000000
3.000000
3.000000
0.000000
0.000000
0.000000
0
0
309
0
56
0.000000
4
0.000000
0.200000
0.000000
0.000000
0
0.050000
0
0
0
2.000000
0.000000
2.000000
0.000000
2.000000
0.000000
2.000000
0.000000
2.000000
3.000000
3.000000
0.000000
3.000000
0.000000
0
0
315
0
57
0.000000
4
0.000000
0.000000
0.000000
0.000000
0
0.000000
0
0
0
2.000000
3.000000
2.000000
0.000000
2.000000
0.000000
2.000000
0.000000
2.000000
3.000000
3.000000
0.000000
0.000000
0.000000
0
0
321
0
58
0.000000
4
0.000000
0.000000
0.000000
0.000000
0
0.000000
0
0
0
2.000000
3.000000
2.000000
3.000000
2.000000
0.000000
2.000000
0.000000
2.000000
0.000000
1.000000
0.000000
0.000000
0.000000
0
0
327
0
59
0.000000
4
0.000000
0.200000
0.000000
0.000000
0
0.050000
0
3
333
2
716
0
333
0
0
2.000000
0.000000
2.000000
0.000000
2.000000
0.000000
2.000000
0.000000
2.000000
3.000000
1.000000
0.000000
0.000000
0.000000
0
0
715
0
117
0.000000
4
0.000000
0.200000
0.000000
0.000000
0
0.050000
0
2
716
2
722
0
0
2.000000
0.000000
2.000000
0.000000
2.000000
0.000000
2.000000
0.000000
2.000000
3.000000
1.000000
0.000000
3.000000
0.000000
0
0
721
0
118
0.000000
4
0.000000
0.000000
0.000000
0.000000
0
0.000000
0
2
722
2
1002
0
0
2.000000
3.000000
2.000000
0.000000
2.000000
0.000000
2.000000
0.000000
2.000000
3.000000
1.000000
0.000000
0.000000
0.000000
0
0
1001
0
148
0.000000
4
0.000000
0.000000
0.000000
0.000000
0
0.000000
0
1
1002
2
0
2.000000
3.000000
2.000000
3.000000
2.000000
0.000000
2.000000
0.000000
2.000000
0.000000
2.000000
0.000000
0.000000
0.000000
0
0
1007
0
149
0.000000
4
0.000000
0.200000
0.000000
0.000000
0
0.050000
0
3
1010
2
1010
0
1204
0
0
2.000000
0.000000
2.000000
0.000000
2.000000
0.000000
2.000000
0.000000
2.000000
3.000000
2.000000
0.000000
0.000000
0.000000
0
0
1203
0
181
0.000000
4
0.000000
0.200000
0.000000
0.000000
0
0.050000
0
2
1204
2
1209
0
0
2.000000
0.000000
2.000000
0.000000
2.000000
0.000000
2.000000
0.000000
2.000000
3.000000
2.000000
0.000000
3.000000
0.000000
0
0
1208
0
182
0.000000
4
0.000000
0.000000
0.000000
0.000000
0
0.000000
0
1
1209
2
0
2.000000
3.000000
2.000000
0.000000
2.000000
0.000000
2.000000
0.000000
2.000000
3.000000
2.000000
0.000000
0.000000
0.000000
0
0
1397
0
199
0.000000
4
0.300000
0.200000
0.000000
0.000000
0
0.050000
0
4
1403
2
1434
2
1403
0
1434
0
0
2.000000
0.000000
2.000000
0.000000
2.000000
0.000000
2.000000
0.000000
2.000000
3.000000
2.000000
1.000000
0.000000
0.000000
0
0
2324
0
308
0.000000
4
0.300000
0.000000
0.000000
0.000000
0
0.000000
0
0
0
2.000000
0.000000
2.000000
0.000000
2.000000
0.000000
2.000000
0.000000
2.000000
3.000000
2.000000
1.000000
2.000000
0.000000
0
0
2668
0
351
0.000000
4
0.000000
0.000000
0.000000
0.000000
0
0.000000
0
0
0
2.000000
3.000000
2.000000
3.000000
2.000000
0.000000
2.000000
0.000000
2.000000
0.000000
0.000000
0.000000
0.000000
0.000000
0
0
2670
0
352
0.000000
4
0.000000
0.200000
0.000000
0.000000
0
0.050000
0
2
2672
2
2672
0
0
2.000000
0.000000
2.000000
0.000000
2.000000
0.000000
2.000000
0.000000
2.000000
3.000000
0.000000
0.000000
0.000000
0.000000
0
0
2966
0
399
0.000000
4
0.000000
0.200000
0.000000
0.000000
0
0.050000
0
0
0
2.000000
0.000000
2.000000
0.000000
2.000000
0.000000
2.000000
0.000000
2.000000
3.000000
0.000000
0.000000
3.000000
0.000000
0
0
2972
0
400
0.000000
4
0.000000
0.000000
0.000000
0.000000
0
0.002500
0
1
2979
0
0
2.000000
3.000000
2.000000
0.000000
2.000000
0.000000
2.000000
0.000000
2.000000
3.000000
0.000000
0.000000
0.000000
0.000000
0
0
2978
0
401
0.000000
4
0.000000
0.200000
0.000000
0.000000
0
0.050000
0
3
2979
2
2984
2
2984
0
0
2.000000
0.000000
2.000000
3.000000
2.000000
0.000000
2.000000
0.000000
2.000000
3.000000
0.000000
0.000000
0.000000
0.000000
0
0
3743
0
504
0.000000
4
0.000000
0.200000
0.000000
0.000000
0
0.050000
0
0
0
2.000000
0.000000
2.000000
3.000000
2.000000
0.000000
2.000000
0.000000
2.000000
3.000000
0.000000
0.000000
3.000000
0.000000
0
0
3749
0
505
0.000000
4
0.000000
0.000000
0.000000
0.000000
0
0.000000
0
0
0
2.000000
3.000000
2.000000
3.000000
2.000000
0.000000
2.000000
0.000000
2.000000
3.000000
0.000000
0.000000
0.000000
0.000000
0
0
3755
0
506
0.000000
4
0.000000
0.000000
0.000000
0.000000
0
0.000000
0
0
0
2.000000
3.000000
2.000000
3.000000
2.000000
3.000000
2.000000
0.000000
2.000000
0.000000
3.000000
0.000000
0.000000
0.000000
0
0
3761
0
507
0.000000
4
0.000000
0.000000
0.000000
0.000000
0
0.000000
0
0
0
2.000000
3.000000
2.000000
0.000000
2.000000
3.000000
2.000000
0.000000
2.000000
3.000000
3.000000
0.000000
0.000000
0.000000
0
0
3767
0
508
0.000000
4
0.300000
0.000000
0.000000
0.000000
0
0.000000
0
2
3771
2
3771
0
0
2.000000
3.000000
2.000000
3.000000
2.000000
0.000000
2.000000
3.000000
2.000000
0.000000
1.000000
1.000000
0.000000
0.000000
0
0
3870
0
530
0.000000
4
0.300000
0.000000
0.000000
0.000000
0
0.000000
0
0
0
2.000000
3.000000
2.000000
3.000000
2.000000
0.000000
2.000000
3.000000
2.000000
0.000000
1.000000
1.000000
2.000000
0.000000
0
0
3876
0
531
0.000000
4
0.000000
0.000000
0.000000
0.000000
0
0.000000
0
0
0
2.000000
3.000000
2.000000
3.000000
2.000000
0.000000
2.000000
3.000000
2.000000
0.000000
1.000000
0.000000
0.000000
0.000000
0
0
3882
0
532
0.000000
4
0.000000
0.200000
0.100000
0.000000
0
0.050000
0
0
0
2.000000
0.000000
2.000000
3.000000
2.000000
3.000000
2.000000
3.000000
2.000000
3.000000
1.000000
0.000000
0.000000
0.000000
0
0
3888
0
533
1.000000
4
0.000000
0.000000
0.000000
0.400000
0
0.000000
0
28
3895
2
3899
2
3900
2
3904
2
3907
2
3913
2
3915
2
3917
2
3919
2
3921
2
3922
2
3935
2
3954
2
3960
2
3899
0
3915
0
3904
0
3917
0
3895
0
3900
0
3919
0
3913
0
3954
0
3921
0
3935
0
3907
0
3922
0
3960
0
0
2.000000
1.000000
2.000000
3.000000
2.000000
3.000000
2.000000
3.000000
2.000000
3.000000
1.000000
0.000000
0.000000
0.000000
0
0
14
0
1
0
0.000000
4
0.000000
0.000000
0.000000
0.000000
0
0.000000
0
6
3913
1
4103
1
4133
1
4164
1
4201
1
4238
1
0
1
1
0
0.000000
4
0.000000
0.000000
0.000000
0.000000
0
0.000000
0
4
3960
1
4162
1
4172
1
4181
1
1
2
1
0
0.000000
4
0.000000
0.000000
0.000000
0.000000
0
0.000000
0
3
2979
1
3922
1
4210
1
2
3
1
0
0.000000
4
0.000000
0.000000
0.000000
0.000000
0
0.000000
0
5
722
1
1209
1
3900
1
4001
1
4058
1
3
4
1
0
0.000000
4
0.000000
0.000000
0.000000
0.000000
0
0.000000
0
9
3895
1
3974
1
4154
1
4165
1
4213
1
4223
1
4226
1
4231
1
4232
1
4
5
1
0
0.000000
4
0.000000
0.000000
0.000000
0.000000
0
0.000000
0
4
3915
1
4042
1
4054
1
4228
1
5
6
1
0
0.000000
4
0.000000
0.000000
0.000000
0.000000
0
0.000000
0
8
1002
1
3921
1
3955
1
4091
1
4192
1
4202
1
4230
1
4240
1
6
7
1
0
0.000000
4
0.000000
0.000000
0.000000
0.000000
0
0.000000
0
6
3954
1
3958
1
4147
1
4191
1
4242
1
4243
1
7
8
1
0
0.000000
4
0.000000
0.000000
0.000000
0.000000
0
0.000000
0
3
3907
1
4122
1
4237
1
8
9
1
0
0.000000
4
0.000000
0.000000
0.000000
0.000000
0
0.000000
0
8
3935
1
3968
1
3979
1
4011
1
4177
1
4179
1
4207
1
4245
1
9
10
1
0
1.000000
4
0.000000
0.000000
0.000000
0.000000
0
0.000000
0
4
3919
1
4121
1
4135
1
4209
1
10
11
1
0
0.000000
4
0.000000
0.000000
0.000000
0.000000
0
0.000000
0
15
1434
1
1438
1
1444
1
1451
1
1991
1
1997
1
2023
1
3771
1
3777
1
3786
1
3799
1
3917
1
3999
1
4048
1
4155
1
11
12
1
0
0.000000
4
0.000000
0.000000
0.000000
0.000000
0
0.000000
0
83
15
1
18
1
23
1
55
1
138
1
144
1
155
1
191
1
333
1
339
1
350
1
382
1
716
1
717
1
718
1
723
1
724
1
1010
1
1014
1
1024
1
1049
1
1204
1
1205
1
1210
1
1211
1
1213
1
1403
1
1410
1
1423
1
1435
1
1436
1
1439
1
1442
1
1445
1
1449
1
1452
1
1455
1
1469
1
1470
1
1471
1
1490
1
1498
1
1509
1
1510
1
1518
1
1600
1
1608
1
1616
1
1618
1
1620
1
1623
1
1987
1
1988
1
1989
1
1992
1
1993
1
2002
1
2013
1
2038
1
2049
1
2052
1
2055
1
2056
1
2057
1
2059
1
2062
1
2073
1
2083
1
2672
1
2681
1
2687
1
2706
1
2984
1
2991
1
3001
1
3021
1
3899
1
3928
1
4094
1
4111
1
4139
1
4144
1
4145
1
12
13
1
0
0.000000
4
0.000000
0.000000
0.000000
0.000000
0
0.000000
0
3
3904
1
3908
1
4125
1
13
200
15
2
1
0.000000
4
0.000000
0.000000
0.000000
0.000000
0
0.000000
0
2
18
2
18
0
0
0.464116
0.759307
19.000000
14
1
12
14
0
0
18446744073709551615
18
2
3
0.000000
4
0.000000
0.000000
0.000000
0.000000
0
0.000000
0
2
23
2
23
0
1
0.832509
0.731069
17.000000
15
1
12
15
0
0
18446744073709551615
23
2
6
0.000000
4
0.000000
0.000000
0.000000
0.000000
0
0.000000
0
4
40
2
55
2
40
0
55
0
2
0.429786
0.381560
5.000000
18
1
12
18
0
0
18446744073709551615
40
2
11
0.000000
4
0.000000
0.000000
0.000000
0.000000
0
0.000000
0
0
3
0.233434
0.547320
9.000000
23
0
23
0
0
18446744073709551615
55
2
14
0.000000
4
0.000000
0.000000
0.000000
0.000000
0
0.000000
0
0
3
0.189795
0.430063
6.000000
23
1
12
23
0
0
18446744073709551615
138
2
26
0.000000
4
0.000000
0.000000
0.000000
0.000000
0
0.000000
0
2
144
2
144
0
0
0.505898
0.841178
28.000000
132
1
12
132
0
0
18446744073709551615
144
2
28
0.000000
4
0.000000
0.000000
0.000000
0.000000
0
0.000000
0
2
155
2
155
0
1
0.933172
0.827697
26.000000
138
1
12
138
0
0
18446744073709551615
155
2
32
0.000000
4
0.000000
0.000000
0.000000
0.000000
0
0.000000
0
4
171
2
191
2
171
0
191
0
2
0.368498
0.327106
4.000000
144
1
12
144
0
0
18446744073709551615
171
2
36
0.000000
4
0.000000
0.000000
0.000000
0.000000
0
0.000000
0
0
3
0.306622
0.745811
18.000000
155
0
155
0
0
18446744073709551615
191
2
40
0.000000
4
0.000000
0.000000
0.000000
0.000000
0
0.000000
0
0
3
0.282117
0.677911
14.000000
155
1
12
155
0
0
18446744073709551615
333
2
60
0.000000
4
0.000000
0.000000
0.000000
0.000000
0
0.002375
0
4
339
2
339
0
717
0
723
0
0
0.515070
0.926210
80.000000
327
1
12
327
0
0
18446744073709551615
339
2
62
0.000000
4
0.000000
0.000000
0.000000
0.000000
0
0.002256
0
4
350
2
350
0
718
0
724
0
1
0.999634
0.942346
77.000000
333
1
12
333
0
0
18446744073709551615
350
2
67
0.000000
4
0.000000
0.000000
0.000000
0.000000
0
0.006031
0
6
368
2
382
2
719
0
725
0
368
0
382
0
2
0.368498
0.327106
4.000000
339
1
12
339
0
0
18446744073709551615
368
2
71
0.000000
4
0.000000
0.000000
0.000000
0.000000
0
0.000000
0
0
3
0.354934
0.935997
68.650053
350
0
350
0
0
18446744073709551615
382
2
74
0.000000
4
0.000000
0.000000
0.000000
0.000000
0
0.000000
0
0
3
0.354835
0.933321
65.650053
350
1
12
350
0
0
18446744073709551615
716
2
117
0.000000
4
0.000000
0.000000
0.000000
0.000000
0
0.050000
0
1
717
2
0
0.050000
0.025000
0.000000
327
1
12
715
0
0
18446744073709551615
717
2
117
0.000000
4
0.000000
0.000000
0.000000
0.000000
0
0.047500
0
1
718
2
1
0.050000
0.025000
0.000000
333
1
12
716
0
0
18446744073709551615
718
2
117
0.000000
4
0.000000
0.000000
0.000000
0.000000
0
0.045125
0
1
719
2
2
0.050000
0.025000
0.000000
339
1
12
717
0
0
18446744073709551615
719
2
117
0.000000
4
0.000000
0.000000
0.000000
0.000000
0
0.042869
0
0
3
0.140685
0.115797
1.000000
350
0
718
0
0
18446744073709551615
722
2
118
0.000000
4
0.000000
0.000000
0.000000
0.000000
0
0.000000
0
1
723
2
0
0.050000
0.025000
0.000000
715
1
3
721
0
0
18446744073709551615
723
2
118
0.000000
4
0.000000
0.000000
0.000000
0.000000
0
0.000000
0
1
724
2
1
0.050000
0.025000
0.000000
333
1
12
722
0
0
18446744073709551615
724
2
118
0.000000
4
0.000000
0.000000
0.000000
0.000000
0
0.000000
0
1
725
2
2
0.050000
0.025000
0.000000
339
1
12
723
0
0
18446744073709551615
725
2
118
0.000000
4
0.000000
0.000000
0.000000
0.000000
0
0.000000
0
0
3
0.077212
0.066082
0.434849
350
0
724
0
0
18446744073709551615
1002
2
148
0.000000
4
0.000000
0.000000
0.000000
0.000000
0
0.000000
0
0
0
0.050000
0.025000
0.000000
721
1
6
1001
0
0
18446744073709551615
1010
2
150
0.000000
4
0.000000
0.000000
0.000000
0.000000
0
0.006711
0
4
1014
2
1205
0
1210
0
1014
0
0
0.528638
0.940743
82.000000
1007
1
12
1007
0
0
18446744073709551615
1014
2
152
0.000000
4
0.000000
0.000000
0.000000
0.000000
0
0.000000
0
3
1024
2
1211
0
1024
0
1
0.999669
0.943016
78.000000
1010
1
12
1010
0
0
18446744073709551615
1024
2
155
0.000000
4
0.000000
0.000000
0.000000
0.000000
0
0.000000
0
6
1044
2
1049
2
1213
0
1049
0
1044
0
2666
0
2
0.485127
0.430063
6.000000
1014
1
12
1014
0
0
18446744073709551615
1044
2
160
0.000000
4
0.000000
0.000000
0.000000
0.000000
0
0.000000
0
0
3
0.349872
0.928118
68.650053
1024
0
1024
0
0
18446744073709551615
1049
2
161
0.000000
4
0.000000
0.000000
0.000000
0.000000
0
0.000000
0
0
3
0.349862
0.927285
67.650053
1024
1
12
1024
0
0
18446744073709551615
1204
2
181
0.000000
4
0.000000
0.000000
0.000000
0.000000
0
0.050000
0
1
1205
2
0
0.050000
0.025000
0.000000
1007
1
12
1203
0
0
18446744073709551615
1205
2
181
0.000000
4
0.000000
0.000000
0.000000
0.000000
0
0.047500
0
0
1
0.141294
0.116102
1.000000
1010
1
12
1204
0
0
18446744073709551615
1209
2
182
0.000000
4
0.000000
0.000000
0.000000
0.000000
0
0.000000
0
1
1210
2
0
0.050000
0.025000
0.000000
1203
1
3
1208
0
0
18446744073709551615
1210
2
182
0.000000
4
0.000000
0.000000
0.000000
0.000000
0
0.000000
0
1
1211
2
1
0.050000
0.025000
0.000000
1010
1
12
1209
0
0
18446744073709551615
1211
2
182
0.000000
4
0.000000
0.000000
0.000000
0.000000
0
0.000000
0
2
1213
2
2666
2
2
0.050000
0.025000
0.000000
1014
1
12
1210
0
0
18446744073709551615
1213
2
182
0.000000
4
0.000000
0.000000
0.000000
0.000000
0
0.000000
0
0
3
0.141291
0.116100
1.000000
1024
1
12
1211
0
0
18446744073709551615
1403
2
200
0.000000
4
0.000000
0.000000
0.000000
0.000000
0
0.000000
0
7
1410
2
1438
2
1442
2
1435
0
1438
0
1410
0
1991
0
0
0.533603
0.951891
94.000000
1397
1
12
1397
0
0
18446744073709551615
1410
2
202
0.000000
4
0.000000
0.000000
0.000000
0.000000
0
0.000000
0
13
1423
2
1444
2
1449
2
1455
2
1469
2
2013
2
1997
0
1445
0
1439
0
1423
0
1444
0
1436
0
1992
0
1
0.999854
0.947844
86.000000
1403
1
12
1403
0
0
18446744073709551615
1423
2
207
0.000000
4
0.000000
0.000000
0.000000
0.000000
0
0.000000
0
45
1451
2
1452
2
1456
2
1457
2
1465
2
1470
2
1471
2
1472
2
1481
2
1486
2
1490
2
1498
2
1509
2
1510
2
1518
2
1520
2
1526
2
2070
2
2073
2
2082
2
2083
2
2115
2
1917
0
1924
0
1993
0
1999
0
2000
0
2002
0
1618
0
1619
0
1620
0
2017
0
2268
0
2023
0
2038
0
1623
0
1451
0
1452
0
1457
0
1600
0
1608
0
1609
0
1616
0
1617
0
1909
0
2
0.368498
0.327106
4.000000
1410
1
12
1410
0
0
18446744073709551615
1434
2
210
0.000000
4
0.000000
0.000000
0.000000
0.000000
0
0.000000
0
3
1435
2
1991
2
1442
0
0
0.142199
0.116554
1.000000
1397
1
11
1397
0
0
18446744073709551615
1435
2
210
0.000000
4
0.000000
0.000000
0.000000
0.000000
0
0.000000
0
2
1436
2
1449
0
1
0.050000
0.025000
0.000000
1403
1
12
1434
0
0
18446744073709551615
1436
2
210
0.000000
4
0.000000
0.000000
0.000000
0.000000
0
0.000000
0
12
1600
2
1909
2
1984
2
1986
2
1987
2
1988
2
1989
2
2023
2
2048
0
2050
0
1490
0
1456
0
2
0.141291
0.116100
1.000000
1410
1
12
1435
0
0
18446744073709551615
1438
2
211
0.000000
4
0.000000
0.000000
0.000000
0.000000
0
0.000000
0
2
1439
2
1455
0
1
0.050000
0.025000
0.000000
1403
1
11
1403
0
0
18446744073709551615
1439
2
211
0.000000
4
0.000000
0.000000
0.000000
0.000000
0
0.000000
0
8
1608
2
1609
2
1471
0
1984
0
2051
0
2055
0
2059
0
1465
0
2
0.141291
0.116100
1.000000
1410
1
12
1438
0
0
18446744073709551615
1442
2
212
0.000000
4
0.000000
0.000000
0.000000
0.000000
0
0.000000
0
3
1445
2
1997
2
1469
0
1
0.050000
0.025000
0.000000
1434
1
12
1403
0
0
18446744073709551615
1444
2
212
0.000000
4
0.000000
0.000000
0.000000
0.000000
0
0.000000
0
6
1616
2
1917
2
2048
2
2049
2
1486
0
1470
0
2
0.142199
0.116554
1.000000
1410
1
11
1410
0
0
18446744073709551615
1445
2
212
0.000000
4
0.000000
0.000000
0.000000
0.000000
0
0.000000
0
7
1999
2
2038
2
1988
0
1472
0
2052
0
2062
0
1510
0
2
0.100243
0.127067
1.818799
1410
1
12
1442
0
0
18446744073709551615
1449
2
213
0.000000
4
0.000000
0.000000
0.000000
0.000000
0
0.000000
0
6
1617
2
1618
2
2050
2
1987
0
1509
0
1481
0
2
0.142199
0.116554
1.000000
1435
1
12
1410
0
0
18446744073709551615
1451
2
213
0.000000
4
0.000000
0.000000
0.000000
0.000000
0
0.000000
0
0
3
0.429786
0.381560
5.000000
1423
1
11
1423
0
0
18446744073709551615
1452
2
213
0.000000
4
0.000000
0.000000
0.000000
0.000000
0
0.000000
0
0
3
0.355014
0.938719
72.000000
1423
1
12
1423
0
0
18446744073709551615
1455
2
214
0.000000
4
0.000000
0.000000
0.000000
0.000000
0
0.000000
0
9
1619
2
1620
2
2051
2
2052
2
2053
2
1498
0
1989
0
1520
0
2056
0
2
0.142199
0.116554
1.000000
1438
1
12
1410
0
0
18446744073709551615
1456
2
214
0.000000
4
0.000000
0.000000
0.000000
0.000000
0
0.000000
0
0
3
0.315982
0.280135
3.232535
1436
0
1423
0
0
18446744073709551615
1457
2
214
0.000000
4
0.000000
0.000000
0.000000
0.000000
0
0.000000
0
0
3
0.355080
0.941658
76.000000
1423
0
1423
0
0
18446744073709551615
1465
2
215
0.000000
4
0.000000
0.000000
0.000000
0.000000
0
0.000000
0
0
3
0.284691
0.251585
2.795583
1439
0
1423
0
0
18446744073709551615
1469
2
216
0.000000
4
0.000000
0.000000
0.000000
0.000000
0
0.000000
0
8
1623
2
1924
2
2055
2
2056
2
2057
2
1526
0
1986
0
1518
0
2
0.142199
0.116554
1.000000
1442
1
12
1410
0
0
18446744073709551615
1470
2
216
0.000000
4
0.000000
0.000000
0.000000
0.000000
0
0.000000
0
0
3
0.429786
0.381560
5.000000
1444
1
12
1423
0
0
18446744073709551615
1471
2
216
0.000000
4
0.000000
0.000000
0.000000
0.000000
0
0.000000
0
0
3
0.284691
0.251585
2.795583
1439
1
12
1423
0
0
18446744073709551615
1472
2
216
0.000000
4
0.000000
0.000000
0.000000
0.000000
0
0.000000
0
0
3
0.314432
0.278724
3.210308
1445
0
1423
0
0
18446744073709551615
1481
2
217
0.000000
4
0.000000
0.000000
0.000000
0.000000
0
0.000000
0
0
3
0.288626
0.255011
2.843488
1449
0
1423
0
0
18446744073709551615
1486
2
218
0.000000
4
0.000000
0.000000
0.000000
0.000000
0
0.000000
0
0
3
0.429786
0.381560
5.000000
1444
0
1423
0
0
18446744073709551615
1490
2
218
0.000000
4
0.000000
0.000000
0.000000
0.000000
0
0.000000
0
0
3
0.242462
0.212485
2.232535
1436
1
12
1423
0
0
18446744073709551615
1498
2
219
0.000000
4
0.000000
0.000000
0.000000
0.000000
0
0.000000
0
0
3
0.396816
0.352496
4.454545
1455
1
12
1423
0
0
18446744073709551615
1509
2
220
0.000000
4
0.000000
0.000000
0.000000
0.000000
0
0.000000
0
0
3
0.288626
0.255011
2.843488
1449
1
12
1423
0
0
18446744073709551615
1510
2
220
0.000000
4
0.000000
0.000000
0.000000
0.000000
0
0.000000
0
0
3
0.314432
0.278724
3.210308
1445
1
12
1423
0
0
18446744073709551615
1518
2
221
0.000000
4
0.000000
0.000000
0.000000
0.000000
0
0.000000
0
0
3
0.429786
0.381560
5.000000
1469
1
12
1423
0
0
18446744073709551615
1520
2
221
0.000000
4
0.000000
0.000000
0.000000
0.000000
0
0.000000
0
0
3
0.396816
0.352496
4.454545
1455
0
1423
0
0
18446744073709551615
1526
2
222
0.000000
4
0.000000
0.000000
0.000000
0.000000
0
0.000000
0
0
3
0.429786
0.381560
5.000000
1469
0
1423
0
0
18446744073709551615
1600
2
231
0.000000
4
0.000000
0.000000
0.000000
0.000000
0
0.000000
0
0
3
0.066340
0.125509
1.607735
1423
1
12
1436
0
0
18446744073709551615
1608
2
232
0.000000
4
0.000000
0.000000
0.000000
0.000000
0
0.000000
0
0
3
0.062702
0.092998
0.970823
1423
1
12
1439
0
0
18446744073709551615
1609
2
232
0.000000
4
0.000000
0.000000
0.000000
0.000000
0
0.000000
0
0
3
0.066988
0.123976
1.560337
1423
0
1439
0
0
18446744073709551615
1616
2
233
0.000000
4
0.000000
0.000000
0.000000
0.000000
0
0.000000
0
0
3
0.084282
0.156407
1.849874
1423
1
12
1444
0
0
18446744073709551615
1617
2
233
0.000000
4
0.000000
0.000000
0.000000
0.000000
0
0.000000
0
0
3
0.064100
0.098846
1.164568
1423
0
1449
0
0
18446744073709551615
1618
2
233
0.000000
4
0.000000
0.000000
0.000000
0.000000
0
0.000000
0
0
3
0.061858
0.088364
0.936848
1423
1
12
1449
0
0
18446744073709551615
1619
2
233
0.000000
4
0.000000
0.000000
0.000000
0.000000
0
0.000000
0
0
3
0.089605
0.189873
2.601940
1423
0
1455
0
0
18446744073709551615
1620
2
233
0.000000
4
0.000000
0.000000
0.000000
0.000000
0
0.000000
0
0
3
0.084262
0.156376
1.849874
1423
1
12
1455
0
0
18446744073709551615
1623
2
233
0.000000
4
0.000000
0.000000
0.000000
0.000000
0
0.000000
0
0
3
0.084282
0.156407
1.849874
1423
1
12
1469
0
0
18446744073709551615
1909
2
266
0.000000
4
0.000000
0.000000
0.000000
0.000000
0
0.000000
0
0
3
0.070182
0.141610
1.843488
1423
0
1436
0
0
18446744073709551615
1917
2
268
0.000000
4
0.000000
0.000000
0.000000
0.000000
0
0.000000
0
0
3
0.090002
0.185795
2.454545
1423
0
1444
0
0
18446744073709551615
1924
2
268
0.000000
4
0.000000
0.000000
0.000000
0.000000
0
0.000000
0
0
3
0.090002
0.185795
2.454545
1423
0
1469
0
0
18446744073709551615
1984
2
275
0.000000
4
0.000000
0.000000
0.000000
0.000000
0
0.000000
0
0
3
0.055833
0.036385
0.140581
1439
0
1436
0
0
18446744073709551615
1986
2
275
0.000000
4
0.000000
0.000000
0.000000
0.000000
0
0.000000
0
0
3
0.057872
0.062563
0.525262
1469
0
1436
0
0
18446744073709551615
1987
2
275
0.000000
4
0.000000
0.000000
0.000000
0.000000
0
0.000000
0
0
3
0.052039
0.028129
0.032144
1449
1
12
1436
0
0
18446744073709551615
1988
2
275
0.000000
4
0.000000
0.000000
0.000000
0.000000
0
0.000000
0
0
3
0.058236
0.043472
0.249482
1445
1
12
1436
0
0
18446744073709551615
1989
2
275
0.000000
4
0.000000
0.000000
0.000000
0.000000
0
0.000000
0
0
3
0.054879
0.045956
0.277328
1455
1
12
1436
0
0
18446744073709551615
1991
2
276
0.000000
4
0.000000
0.000000
0.000000
0.000000
0
0.000000
0
2
1992
2
2013
0
1
0.050000
0.025000
0.000000
1403
1
11
1434
0
0
18446744073709551615
1992
2
276
0.000000
4
0.000000
0.000000
0.000000
0.000000
0
0.000000
0
7
1993
2
2268
2
2053
0
2061
0
2070
0
2083
0
2049
0
2
0.142199
0.116554
1.000000
1410
1
12
1991
0
0
18446744073709551615
1993
2
276
0.000000
4
0.000000
0.000000
0.000000
0.000000
0
0.000000
0
0
3
0.079320
0.116086
1.000000
1423
1
12
1992
0
0
18446744073709551615
1997
2
277
0.000000
4
0.000000
0.000000
0.000000
0.000000
0
0.000000
0
5
2000
2
2002
2
2057
0
2073
0
2082
0
2
0.050000
0.025000
0.000000
1410
1
11
1442
0
0
18446744073709551615
1999
2
277
0.000000
4
0.000000
0.000000
0.000000
0.000000
0
0.000000
0
0
3
0.066114
0.116850
1.391510
1423
0
1445
0
0
18446744073709551615
2000
2
277
0.000000
4
0.000000
0.000000
0.000000
0.000000
0
0.000000
0
0
3
0.086852
0.165686
2.000000
1423
0
1997
0
0
18446744073709551615
2002
2
277
0.000000
4
0.000000
0.000000
0.000000
0.000000
0
0.000000
0
0
3
0.079320
0.116086
1.000000
1423
1
12
1997
0
0
18446744073709551615
2013
2
279
0.000000
4
0.000000
0.000000
0.000000
0.000000
0
0.000000
0
5
2017
2
2059
2
2061
2
2062
2
2115
0
2
0.142199
0.116554
1.000000
1991
1
12
1410
0
0
18446744073709551615
2017
2
279
0.000000
4
0.000000
0.000000
0.000000
0.000000
0
0.000000
0
0
3
0.079320
0.116086
1.000000
1423
0
2013
0
0
18446744073709551615
2023
2
280
0.000000
4
0.000000
0.000000
0.000000
0.000000
0
0.000000
0
0
3
0.069560
0.061981
0.388942
1423
1
11
1436
0
0
18446744073709551615
2038
2
281
0.000000
4
0.000000
0.000000
0.000000
0.000000
0
0.000000
0
0
3
0.059586
0.062145
0.391510
1423
1
12
1445
0
0
18446744073709551615
2048
2
282
0.000000
4
0.000000
0.000000
0.000000
0.000000
0
0.000000
0
0
3
0.086523
0.061981
0.388942
1436
0
1444
0
0
18446744073709551615
2049
2
282
0.000000
4
0.000000
0.000000
0.000000
0.000000
0
0.000000
0
0
3
0.142199
0.116554
1.000000
1992
1
12
1444
0
0
18446744073709551615
2050
2
282
0.000000
4
0.000000
0.000000
0.000000
0.000000
0
0.000000
0
0
3
0.061437
0.039604
0.151276
1436
0
1449
0
0
18446744073709551615
2051
2
282
0.000000
4
0.000000
0.000000
0.000000
0.000000
0
0.000000
0
0
3
0.086762
0.062219
0.391510
1439
0
1455
0
0
18446744073709551615
2052
2
282
0.000000
4
0.000000
0.000000
0.000000
0.000000
0
0.000000
0
0
3
0.086762
0.062219
0.391510
1445
1
12
1455
0
0
18446744073709551615
2053
2
282
0.000000
4
0.000000
0.000000
0.000000
0.000000
0
0.000000
0
0
3
0.142199
0.116554
1.000000
1992
0
1455
0
0
18446744073709551615
2055
2
282
0.000000
4
0.000000
0.000000
0.000000
0.000000
0
0.000000
0
0
3
0.086762
0.062219
0.391510
1439
1
12
1469
0
0
18446744073709551615
2056
2
282
0.000000
4
0.000000
0.000000
0.000000
0.000000
0
0.000000
0
0
3
0.050000
0.025000
0.000000
1455
1
12
1469
0
0
18446744073709551615
2057
2
282
0.000000
4
0.000000
0.000000
0.000000
0.000000
0
0.000000
0
0
3
0.142199
0.116554
1.000000
1997
1
12
1469
0
0
18446744073709551615
2059
2
282
0.000000
4
0.000000
0.000000
0.000000
0.000000
0
0.000000
0
0
3
0.086762
0.062219
0.391510
1439
1
12
2013
0
0
18446744073709551615
2061
2
282
0.000000
4
0.000000
0.000000
0.000000
0.000000
0
0.000000
0
0
3
0.142199
0.116554
1.000000
1992
0
2013
0
0
18446744073709551615
2062
2
282
0.000000
4
0.000000
0.000000
0.000000
0.000000
0
0.000000
0
0
3
0.086762
0.062219
0.391510
1445
1
12
2013
0
0
18446744073709551615
2070
2
283
0.000000
4
0.000000
0.000000
0.000000
0.000000
0
0.000000
0
0
3
0.142199
0.116554
1.000000
1992
0
1423
0
0
18446744073709551615
2073
2
283
0.000000
4
0.000000
0.000000
0.000000
0.000000
0
0.000000
0
0
3
0.142199
0.116554
1.000000
1997
1
12
1423
0
0
18446744073709551615
2082
2
284
0.000000
4
0.000000
0.000000
0.000000
0.000000
0
0.000000
0
0
3
0.142199
0.116554
1.000000
1997
0
1423
0
0
18446744073709551615
2083
2
284
0.000000
4
0.000000
0.000000
0.000000
0.000000
0
0.000000
0
0
3
0.142199
0.116554
1.000000
1992
1
12
1423
0
0
18446744073709551615
2115
2
286
0.000000
4
0.000000
0.000000
0.000000
0.000000
0
0.000000
0
0
3
0.142199
0.116554
1.000000
2013
0
1423
0
0
18446744073709551615
2268
2
302
0.000000
4
0.000000
0.000000
0.000000
0.000000
0
0.000000
0
0
3
0.050000
0.025000
0.000000
1423
0
1992
0
0
18446744073709551615
2666
2
350
0.000000
4
0.000000
0.000000
0.000000
0.000000
0
0.000000
0
0
3
0.050000
0.025000
0.000000
1024
0
1211
0
0
18446744073709551615
2672
2
353
0.000000
4
0.000000
0.000000
0.000000
0.000000
0
0.000000
0
2
2681
2
2681
0
0
0.528220
0.902088
44.000000
2670
1
12
2670
0
0
18446744073709551615
2681
2
357
0.000000
4
0.000000
0.000000
0.000000
0.000000
0
0.000000
0
2
2687
2
2687
0
1
0.983996
0.891998
40.000000
2672
1
12
2672
0
0
18446744073709551615
2687
2
360
0.000000
4
0.000000
0.000000
0.000000
0.000000
0
0.000000
0
4
2706
2
2712
2
2712
0
2706
0
2
0.485127
0.430063
6.000000
2681
1
12
2681
0
0
18446744073709551615
2706
2
365
0.000000
4
0.000000
0.000000
0.000000
0.000000
0
0.000000
0
0
3
0.343574
0.862843
32.000000
2687
1
12
2687
0
0
18446744073709551615
2712
2
366
0.000000
4
0.000000
0.000000
0.000000
0.000000
0
0.000000
0
0
3
0.342324
0.857993
31.000000
2687
0
2687
0
0
18446744073709551615
2979
2
401
0.000000
4
0.000000
0.000000
0.000000
0.000000
0
0.050000
0
0
0
0.050000
0.025000
0.000000
2972
1
2
2978
0
0
18446744073709551615
2984
2
402
0.000000
4
0.000000
0.000000
0.000000
0.000000
0
0.000000
0
2
2991
2
2991
0
0
0.533619
0.954528
100.000000
2978
1
12
2978
0
0
18446744073709551615
2991
2
404
0.000000
4
0.000000
0.000000
0.000000
0.000000
0
0.000000
0
2
3001
2
3001
0
1
0.999957
0.953682
98.000000
2984
1
12
2984
0
0
18446744073709551615
3001
2
408
0.000000
4
0.000000
0.000000
0.000000
0.000000
0
0.000000
0
4
3016
2
3021
2
3021
0
3016
0
2
0.368498
0.327106
4.000000
2991
1
12
2991
0
0
18446744073709551615
3016
2
412
0.000000
4
0.000000
0.000000
0.000000
0.000000
0
0.000000
0
0
3
0.355179
0.949951
90.000000
3001
0
3001
0
0
18446744073709551615
3021
2
413
0.000000
4
0.000000
0.000000
0.000000
0.000000
0
0.000000
0
0
3
0.355176
0.949441
89.000000
3001
1
12
3001
0
0
18446744073709551615
3771
2
509
0.000000
4
0.000000
0.000000
0.000000
0.000000
0
0.000000
0
2
3777
2
3777
0
0
0.464116
0.759307
19.000000
3767
1
11
3767
0
0
18446744073709551615
3777
2
511
0.000000
4
0.000000
0.000000
0.000000
0.000000
0
0.000000
0
2
3786
2
3786
0
1
0.832509
0.731069
17.000000
3771
1
11
3771
0
0
18446744073709551615
3786
2
515
0.000000
4
0.000000
0.000000
0.000000
0.000000
0
0.000000
0
4
3799
2
3804
2
3799
0
3804
0
2
0.429786
0.381560
5.000000
3777
1
11
3777
0
0
18446744073709551615
3799
2
519
0.000000
4
0.000000
0.000000
0.000000
0.000000
0
0.000000
0
0
3
0.233434
0.547320
9.000000
3786
1
11
3786
0
0
18446744073709551615
3804
2
520
0.000000
4
0.000000
0.000000
0.000000
0.000000
0
0.000000
0
0
3
0.220345
0.512330
8.000000
3786
0
3786
0
0
18446744073709551615
3895
2
535
0.580216
4
0.000000
0.000000
0.000000
0.000000
0
0.000000
0
4
4245
2
4162
0
4228
0
4011
0
0
0.000000
0.547320
9.000000
3888
1
4
3888
3
0.338704
0.000000
1
0
1
699
4
0.000000
0.200000
0.000000
0.000000
0.169352
0.000000
1
1
1
699
4
0.000000
0.200000
0.000000
0.000000
0.112901
0.000000
1
2
1
699
4
0.000000
0.200000
0.000000
0.000000
2
0.000000
0.000000
2
1
1
698
4
0.000000
0.200000
0.000000
0.000000
0.000000
0.000000
2
2
1
698
4
0.000000
0.200000
0.000000
0.000000
698
3899
2
536
0.000000
4
0.000000
0.000000
0.000000
0.000000
0
0.000000
0
6
4091
2
4135
2
4111
0
4147
0
4154
0
4201
0
0
0.000000
0.607385
11.000000
3888
1
12
3888
3
0.376887
0.000000
1
0
1
699
4
0.000000
0.200000
0.000000
0.000000
0.188444
0.000000
1
1
1
699
4
0.000000
0.200000
0.000000
0.000000
0.125629
0.000000
1
2
1
699
4
0.000000
0.200000
0.000000
0.000000
0
18446744073709551615
3900
2
537
0.000000
4
0.000000
0.000000
0.000000
0.000000
0
0.000000
0
4
3999
2
4191
2
4209
2
4213
0
0
0.000000
0.473430
7.000000
3888
1
3
3888
3
0.291871
0.000000
1
0
1
699
4
0.000000
0.200000
0.000000
0.000000
0.145935
0.000000
1
1
1
699
4
0.000000
0.200000
0.000000
0.000000
0.097290
0.000000
1
2
1
699
4
0.000000
0.200000
0.000000
0.000000
0
18446744073709551615
3904
2
538
0.000000
4
0.000000
0.000000
0.000000
0.000000
0
0.000000
0
5
3974
2
4042
2
4125
2
4054
0
3908
0
0
0.000000
0.633204
12.000000
3888
1
13
3888
3
0.393247
0.000000
1
0
1
699
4
0.000000
0.200000
0.000000
0.000000
0.196624
0.000000
1
1
1
699
4
0.000000
0.200000
0.000000
0.000000
0.131082
0.000000
1
2
1
699
4
0.000000
0.200000
0.000000
0.000000
0
18446744073709551615
3907
2
540
0.000000
4
0.000000
0.000000
0.000000
0.000000
0
0.000000
0
4
3908
2
4103
2
4103
0
4240
0
0
0.000000
0.547320
9.000000
3888
1
8
3888
3
0.338704
0.000000
1
0
1
699
4
0.000000
0.200000
0.000000
0.000000
0.169352
0.000000
1
1
1
699
4
0.000000
0.200000
0.000000
0.000000
0.112901
0.000000
1
2
1
699
4
0.000000
0.200000
0.000000
0.000000
0
18446744073709551615
3908
2
540
0.000000
4
0.000000
0.000000
0.000000
0.000000
0
0.000000
0
0
1
0.050000
0.025000
0.000000
3904
1
13
3907
0
0
18446744073709551615
3913
2
544
0.000000
4
0.000000
0.000000
0.000000
0.000000
0
0.000000
0
7
3928
2
4058
2
4111
2
4162
2
4181
2
4230
2
4135
0
0
0.000000
0.677911
14.000000
3888
1
0
3888
3
0.421357
0.000000
1
0
1
699
4
0.000000
0.200000
0.000000
0.000000
0.210679
0.000000
1
1
1
699
4
0.000000
0.200000
0.000000
0.000000
0.140452
0.000000
1
2
1
699
4
0.000000
0.200000
0.000000
0.000000
0
18446744073709551615
3915
2
546
0.000000
4
0.000000
0.000000
0.000000
0.000000
0
0.000000
0
9
4001
2
4054
2
4094
2
4121
2
4226
2
4058
0
4125
0
3974
0
4230
0
0
0.000000
0.677911
14.000000
3888
1
5
3888
3
0.421357
0.000000
1
0
1
699
4
0.000000
0.200000
0.000000
0.000000
0.210679
0.000000
1
1
1
699
4
0.000000
0.200000
0.000000
0.000000
0.140452
0.000000
1
2
1
699
4
0.000000
0.200000
0.000000
0.000000
0
18446744073709551615
3917
2
547
0.000000
4
0.000000
0.000000
0.000000
0.000000
0
0.000000
0
2
4147
2
4001
0
0
0.000000
0.473430
7.000000
3888
1
11
3888
3
0.291871
0.000000
1
0
1
699
4
0.000000
0.200000
0.000000
0.000000
0.145935
0.000000
1
1
1
699
4
0.000000
0.200000
0.000000
0.000000
0.097290
0.000000
1
2
1
699
4
0.000000
0.200000
0.000000
0.000000
0
18446744073709551615
3919
2
549
0.000000
4
0.000000
0.000000
0.000000
0.000000
0
0.000000
0
4
4133
2
4207
2
4177
0
4139
0
0
0.000000
0.381560
5.000000
3888
1
10
3888
3
0.234429
0.000000
1
0
1
699
4
0.000000
0.200000
0.000000
0.000000
0.117214
0.000000
1
1
1
699
4
0.000000
0.200000
0.000000
0.000000
0.078143
0.000000
1
2
1
699
4
0.000000
0.200000
0.000000
0.000000
0
18446744073709551615
3921
2
550
0.000000
4
0.000000
0.000000
0.000000
0.000000
0
0.000000
0
14
3958
2
4139
2
4154
2
4228
2
4237
2
4094
0
3928
0
4191
0
4133
0
3999
0
4223
0
4144
0
3979
0
4245
0
0
0.000000
0.731069
17.000000
3888
1
6
3888
3
0.454096
0.000000
1
0
1
699
4
0.000000
0.200000
0.000000
0.000000
0.227048
0.000000
1
1
1
699
4
0.000000
0.200000
0.000000
0.000000
0.151365
0.000000
1
2
1
699
4
0.000000
0.200000
0.000000
0.000000
0
18446744073709551615
3922
2
551
0.000000
4
0.000000
0.000000
0.000000
0.000000
0
0.000000
0
9
4011
2
4048
2
4201
2
4213
2
3955
0
4091
0
3968
0
4207
0
4042
0
0
0.000000
0.607385
11.000000
3888
1
2
3888
3
0.376887
0.000000
1
0
1
699
4
0.000000
0.200000
0.000000
0.000000
0.188444
0.000000
1
1
1
699
4
0.000000
0.200000
0.000000
0.000000
0.125629
0.000000
1
2
1
699
4
0.000000
0.200000
0.000000
0.000000
0
18446744073709551615
3928
2
554
0.000000
4
0.000000
0.000000
0.000000
0.000000
0
0.000000
0
1
4210
0
1
0.147210
0.126451
1.181818
3921
1
12
3913
0
0
18446744073709551615
3935
2
560
0.000000
4
0.000000
0.000000
0.000000
0.000000
0
0.000000
0
6
3979
2
4177
2
4240
2
4179
0
4209
0
4181
0
0
0.000000
0.677911
14.000000
3888
1
9
3888
3
0.421357
0.000000
1
0
1
699
4
0.000000
0.200000
0.000000
0.000000
0.210679
0.000000
1
1
1
699
4
0.000000
0.200000
0.000000
0.000000
0.140452
0.000000
1
2
1
699
4
0.000000
0.200000
0.000000
0.000000
1
0.000000
0.000000
3
2
0
697
4
0.000000
0.200000
0.000000
0.000000
18446744073709551615
3954
2
570
0.000000
4
0.000000
0.000000
0.000000
0.000000
0
0.000000
0
11
3955
2
4144
2
4164
2
4172
2
4223
2
4172
0
4121
0
3958
0
4226
0
4048
0
4237
0
0
0.000000
0.430063
6.000000
3888
1
7
3888
3
0.264614
0.000000
1
0
1
699
4
0.000000
0.200000
0.000000
0.000000
0.132307
0.000000
1
1
1
699
4
0.000000
0.200000
0.000000
0.000000
0.088205
0.000000
1
2
1
699
4
0.000000
0.200000
0.000000
0.000000
0
18446744073709551615
3955
2
570
0.000000
4
0.000000
0.000000
0.000000
0.000000
0
0.000000
0
1
4231
0
1
0.113477
0.098405
0.909091
3922
1
6
3954
0
0
18446744073709551615
3958
2
572
0.000000
4
0.000000
0.000000
0.000000
0.000000
0
0.000000
0
0
1
0.050000
0.025000
0.000000
3954
1
7
3921
0
0
18446744073709551615
3960
2
574
0.000000
4
0.000000
0.000000
0.000000
0.000000
0
0.000000
0
3
3968
2
4179
2
4164
0
0
0.000000
0.381560
5.000000
3888
1
1
3888
3
0.234429
0.000000
1
0
1
699
4
0.000000
0.200000
0.000000
0.000000
0.117214
0.000000
1
1
1
699
4
0.000000
0.200000
0.000000
0.000000
0.078143
0.000000
1
2
1
699
4
0.000000
0.200000
0.000000
0.000000
0
18446744073709551615
3968
2
578
0.000000
4
0.000000
0.000000
0.000000
0.000000
0
0.000000
0
0
1
0.050000
0.025000
0.000000
3922
1
9
3960
0
0
18446744073709551615
3974
2
581
0.000000
4
0.000000
0.000000
0.000000
0.000000
0
0.000000
0
0
1
0.050000
0.025000
0.000000
3915
1
4
3904
0
0
18446744073709551615
3979
2
584
0.000000
4
0.000000
0.000000
0.000000
0.000000
0
0.000000
0
1
4242
2
1
0.142199
0.116554
1.000000
3921
1
9
3935
0
2
0.000000
0.000000
3
1
0
696
4
0.000000
0.200000
0.000000
0.000000
0.000000
0.000000
3
2
0
696
4
0.000000
0.200000
0.000000
0.000000
18446744073709551615
3999
2
593
0.000000
4
0.000000
0.000000
0.000000
0.000000
0
0.000000
0
0
1
0.142199
0.116554
1.000000
3921
1
11
3900
0
0
18446744073709551615
4001
2
594
0.000000
4
0.000000
0.000000
0.000000
0.000000
0
0.000000
0
0
1
0.067273
0.042565
0.181818
3917
1
3
3915
0
0
18446744073709551615
4011
2
599
0.000000
4
0.000000
0.000000
0.000000
0.000000
0
0.000000
0
0
1
0.000000
0.025000
0.000000
3895
1
9
3922
3
0.027273
0.000000
1
0
1
698
4
0.000000
0.200000
0.000000
0.000000
0.013636
0.000000
1
1
1
698
4
0.000000
0.200000
0.000000
0.000000
0.009091
0.000000
1
2
1
698
4
0.000000
0.200000
0.000000
0.000000
0
18446744073709551615
4042
2
613
0.000000
4
0.000000
0.000000
0.000000
0.000000
0
0.000000
0
0
1
0.050000
0.025000
0.000000
3922
1
5
3904
0
0
18446744073709551615
4048
2
616
0.000000
4
0.000000
0.000000
0.000000
0.000000
0
0.000000
0
0
1
0.050000
0.025000
0.000000
3954
1
11
3922
0
0
18446744073709551615
4054
2
619
0.000000
4
0.000000
0.000000
0.000000
0.000000
0
0.000000
0
0
1
0.050000
0.025000
0.000000
3904
1
5
3915
0
0
18446744073709551615
4058
2
621
0.000000
4
0.000000
0.000000
0.000000
0.000000
0
0.000000
0
0
1
0.050000
0.025000
0.000000
3915
1
3
3913
0
0
18446744073709551615
4091
2
638
0.000000
4
0.000000
0.000000
0.000000
0.000000
0
0.000000
0
0
1
0.050000
0.025000
0.000000
3922
1
6
3899
0
0
18446744073709551615
4094
2
639
0.000000
4
0.000000
0.000000
0.000000
0.000000
0
0.000000
0
0
1
0.050000
0.025000
0.000000
3921
1
12
3915
0
0
18446744073709551615
4103
2
643
0.000000
4
0.000000
0.000000
0.000000
0.000000
0
0.000000
0
0
1
0.050000
0.025000
0.000000
3907
1
0
3907
0
0
18446744073709551615
4111
2
646
0.000000
4
0.000000
0.000000
0.000000
0.000000
0
0.000000
0
1
4122
0
1
0.050000
0.025000
0.000000
3899
1
12
3913
0
0
18446744073709551615
4121
2
650
0.000000
4
0.000000
0.000000
0.000000
0.000000
0
0.000000
0
1
4122
2
1
0.050000
0.025000
0.000000
3954
1
10
3915
0
0
18446744073709551615
4122
2
650
0.000000
4
0.000000
0.000000
0.000000
0.000000
0
0.000000
0
0
2
0.050000
0.025000
0.000000
4111
1
8
4121
0
0
18446744073709551615
4125
2
652
0.000000
4
0.000000
0.000000
0.000000
0.000000
0
0.000000
0
0
1
0.050000
0.025000
0.000000
3915
1
13
3904
0
0
18446744073709551615
4133
2
655
0.000000
4
0.000000
0.000000
0.000000
0.000000
0
0.000000
0
1
4145
0
1
0.050000
0.025000
0.000000
3921
1
0
3919
0
0
692
4135
2
656
0.000000
4
0.000000
0.000000
0.000000
0.000000
0
0.000000
0
0
1
0.050000
0.025000
0.000000
3913
1
10
3899
0
0
18446744073709551615
4139
2
657
0.000000
4
0.000000
0.000000
0.000000
0.000000
0
0.000000
0
0
1
0.050000
0.025000
0.000000
3919
1
12
3921
0
0
18446744073709551615
4144
2
659
0.000000
4
0.000000
0.000000
0.000000
0.000000
0
0.000000
0
2
4145
2
4155
0
1
0.050000
0.025000
0.000000
3921
1
12
3954
0
0
18446744073709551615
4145
2
659
0.000000
4
0.000000
0.000000
0.000000
0.000000
0
0.000000
0
1
4166
0
2
0.050000
0.025000
0.000000
4133
1
12
4144
0
0
18446744073709551615
4147
2
660
0.000000
4
0.000000
0.000000
0.000000
0.000000
0
0.000000
0
0
1
0.050000
0.025000
0.000000
3899
1
7
3917
0
0
18446744073709551615
4154
2
663
0.000000
4
0.000000
0.000000
0.000000
0.000000
0
0.000000
0
2
4155
2
4165
0
1
0.050000
0.025000
0.000000
3899
1
4
3921
0
0
18446744073709551615
4155
2
663
0.000000
4
0.000000
0.000000
0.000000
0.000000
0
0.000000
0
0
2
0.050000
0.025000
0.000000
4144
1
11
4154
0
0
18446744073709551615
4162
2
666
0.000000
4
0.000000
0.000000
0.000000
0.000000
0
0.000000
0
0
1
0.000000
0.025000
0.000000
3895
1
1
3913
3
0.027273
0.000000
1
0
1
698
4
0.000000
0.200000
0.000000
0.000000
0.013636
0.000000
1
1
1
698
4
0.000000
0.200000
0.000000
0.000000
0.009091
0.000000
1
2
1
698
4
0.000000
0.200000
0.000000
0.000000
0
18446744073709551615
4164
2
667
0.000000
4
0.000000
0.000000
0.000000
0.000000
0
0.000000
0
1
4165
2
1
0.092711
0.068095
0.454545
3960
1
0
3954
0
0
18446744073709551615
4165
2
667
0.000000
4
0.000000
0.000000
0.000000
0.000000
0
0.000000
0
1
4166
2
2
0.050000
0.025000
0.000000
4154
1
4
4164
0
0
18446744073709551615
4166
2
667
0.000000
4
0.000000
0.000000
0.000000
0.000000
0
0.000000
0
0
3
0.050000
0.025000
0.000000
4145
0
4165
0
0
18446744073709551615
4172
2
669
0.000000
4
0.000000
0.000000
0.000000
0.000000
0
0.000000
0
0
1
0.050000
0.025000
0.000000
3954
1
1
3954
0
0
18446744073709551615
4177
2
672
0.000000
4
0.000000
0.000000
0.000000
0.000000
0
0.000000
0
0
1
0.050000
0.025000
0.000000
3919
1
9
3935
0
0
18446744073709551615
4179
2
673
0.000000
4
0.000000
0.000000
0.000000
0.000000
0
0.000000
0
0
1
0.050000
0.025000
0.000000
3935
1
9
3960
0
0
18446744073709551615
4181
2
674
0.000000
4
0.000000
0.000000
0.000000
0.000000
0
0.000000
0
1
4192
0
1
0.050000
0.025000
0.000000
3935
1
1
3913
0
0
18446744073709551615
4191
2
678
0.000000
4
0.000000
0.000000
0.000000
0.000000
0
0.000000
0
2
4192
2
4202
0
1
0.050000
0.025000
0.000000
3921
1
7
3900
0
0
18446744073709551615
4192
2
678
0.000000
4
0.000000
0.000000
0.000000
0.000000
0
0.000000
0
0
2
0.050000
0.025000
0.000000
4181
1
6
4191
0
0
18446744073709551615
4201
2
682
0.000000
4
0.000000
0.000000
0.000000
0.000000
0
0.000000
0
1
4202
2
1
0.050000
0.025000
0.000000
3899
1
0
3922
0
0
18446744073709551615
4202
2
682
0.000000
4
0.000000
0.000000
0.000000
0.000000
0
0.000000
0
0
2
0.050000
0.025000
0.000000
4191
1
6
4201
0
0
18446744073709551615
4207
2
684
0.000000
4
0.000000
0.000000
0.000000
0.000000
0
0.000000
0
0
1
0.050000
0.025000
0.000000
3922
1
9
3919
0
0
18446744073709551615
4209
2
685
0.000000
4
0.000000
0.000000
0.000000
0.000000
0
0.000000
0
1
4210
2
1
0.050000
0.025000
0.000000
3935
1
10
3900
0
0
18446744073709551615
4210
2
685
0.000000
4
0.000000
0.000000
0.000000
0.000000
0
0.000000
0
0
2
0.050000
0.025000
0.000000
3928
1
2
4209
0
0
18446744073709551615
4213
2
687
0.000000
4
0.000000
0.000000
0.000000
0.000000
0
0.000000
0
0
1
0.050000
0.025000
0.000000
3900
1
4
3922
0
0
18446744073709551615
4223
2
690
0.000000
4
0.000000
0.000000
0.000000
0.000000
0
0.000000
0
1
4232
0
1
0.050000
0.025000
0.000000
3921
1
4
3954
0
0
18446744073709551615
4226
2
692
0.000000
4
0.000000
0.000000
0.000000
0.000000
0
0.000000
0
0
1
0.050000
0.025000
0.000000
3954
1
4
3915
0
0
18446744073709551615
4228
2
693
0.000000
4
0.000000
0.000000
0.000000
0.000000
0
0.000000
0
1
4238
0
1
0.000000
0.025000
0.000000
3895
1
5
3921
3
0.027273
0.000000
1
0
1
698
4
0.000000
0.200000
0.000000
0.000000
0.013636
0.000000
1
1
1
698
4
0.000000
0.200000
0.000000
0.000000
0.009091
0.000000
1
2
1
698
4
0.000000
0.200000
0.000000
0.000000
0
18446744073709551615
4230
2
694
0.000000
4
0.000000
0.000000
0.000000
0.000000
0
0.000000
0
4
4231
2
4232
2
4242
0
4243
0
1
0.050000
0.025000
0.000000
3915
1
6
3913
0
0
18446744073709551615
4231
2
694
0.000000
4
0.000000
0.000000
0.000000
0.000000
0
0.000000
0
0
2
0.050000
0.025000
0.000000
3955
1
4
4230
0
0
18446744073709551615
4232
2
694
0.000000
4
0.000000
0.000000
0.000000
0.000000
0
0.000000
0
0
2
0.050000
0.025000
0.000000
4223
1
4
4230
0
0
18446744073709551615
4237
2
697
0.000000
4
0.000000
0.000000
0.000000
0.000000
0
0.000000
0
1
4238
2
1
0.050000
0.025000
0.000000
3954
1
8
3921
0
0
18446744073709551615
4238
2
697
0.000000
4
0.000000
0.000000
0.000000
0.000000
0
0.000000
0
0
2
0.050000
0.025000
0.000000
4228
1
0
4237
0
0
18446744073709551615
4240
2
698
0.000000
4
0.000000
0.000000
0.000000
0.000000
0
0.000000
0
1
4243
2
1
0.050000
0.025000
0.000000
3907
1
6
3935
0
0
18446744073709551615
4242
2
698
0.000000
4
0.000000
0.000000
0.000000
0.000000
0
0.000000
0
0
2
0.050000
0.025000
0.000000
4230
1
7
3979
0
0
18446744073709551615
4243
2
698
0.000000
4
0.000000
0.000000
0.000000
0.000000
0
0.000000
0
0
2
0.050000
0.025000
0.000000
4230
1
7
4240
0
0
18446744073709551615
4245
2
699
0.472590
4
0.000000
0.000000
0.000000
0.000000
0
0.000000
0
0
1
0.050000
0.025000
0.000000
3921
1
9
3895
0
0
696
0.000000
0
0.300000
0.000000
0
0
2
14
-1.000000
-1.000000
-1.000000
-1.000000
-1.000000
-1.000000
-1.000000
-1.000000
-1.000000
-1.000000
-1.000000
1.000000
0.000000
-1.000000
0
2
1397
3767
11
18446744073709551615
0.300000
1
14
-1.000000
-1.000000
-1.000000
-1.000000
-1.000000
-1.000000
-1.000000
-1.000000
-1.000000
-1.000000
-1.000000
1.000000
2.000000
-1.000000
0
2
2324
3870
1
18446744073709551615
0.300000
1
0.200000
1
0.200000
0.000000
0
0
2
14
-1.000000
0.000000
-1.000000
-1.000000
-1.000000
-1.000000
-1.000000
-1.000000
-1.000000
-1.000000
-1.000000
-1.000000
0.000000
-1.000000
0
8
14
132
327
1007
1397
2670
2978
3882
12
18446744073709551615
0.200000
1
14
-1.000000
0.000000
-1.000000
-1.000000
-1.000000
-1.000000
-1.000000
-1.000000
-1.000000
-1.000000
-1.000000
-1.000000
3.000000
-1.000000
0
6
115
309
715
1203
2966
3743
3
18446744073709551615
0.200000
1
0.000000
2
0.100000
0.000000
0
0
1
14
-1.000000
0.000000
-1.000000
3.000000
-1.000000
3.000000
-1.000000
3.000000
-1.000000
3.000000
1.000000
-1.000000
-1.000000
-1.000000
0
1
3882
13
18446744073709551615
0.100000
1
0.000000
3
0.400000
0.000000
0
0
1
14
-1.000000
1.000000
-1.000000
-1.000000
-1.000000
-1.000000
-1.000000
-1.000000
-1.000000
-1.000000
-1.000000
-1.000000
-1.000000
-1.000000
0
1
3888
2147483647
18446744073709551615
0.400000
1
1
1
2.000000
0.000000
2.000000
0.000000
2.000000
0.000000
2.000000
0.000000
2.000000
0.000000
0.000000
0.000000
0.000000
0.000000
14
0.000000
1
2.000000
0.000000
2.000000
0.000000
2.000000
0.000000
2.000000
0.000000
2.000000
0.000000
0.000000
0.000000
3.000000
0.000000
115
9.000000
1
2.000000
3.000000
2.000000
0.000000
2.000000
0.000000
2.000000
0.000000
2.000000
0.000000
0.000000
0.000000
0.000000
0.000000
121
18.000000
1
2.000000
3.000000
2.000000
0.000000
2.000000
0.000000
2.000000
0.000000
2.000000
0.000000
3.000000
0.000000
0.000000
0.000000
127
9.000000
1
2.000000
0.000000
2.000000
0.000000
2.000000
0.000000
2.000000
0.000000
2.000000
3.000000
3.000000
0.000000
0.000000
0.000000
132
18.000000
1
2.000000
0.000000
2.000000
0.000000
2.000000
0.000000
2.000000
0.000000
2.000000
3.000000
3.000000
0.000000
3.000000
0.000000
309
9.000000
1
2.000000
3.000000
2.000000
0.000000
2.000000
0.000000
2.000000
0.000000
2.000000
3.000000
3.000000
0.000000
0.000000
0.000000
315
18.000000
1
2.000000
3.000000
2.000000
3.000000
2.000000
0.000000
2.000000
0.000000
2.000000
0.000000
1.000000
0.000000
0.000000
0.000000
321
22.000000
1
2.000000
0.000000
2.000000
0.000000
2.000000
0.000000
2.000000
0.000000
2.000000
3.000000
1.000000
0.000000
0.000000
0.000000
327
27.000000
1
2.000000
0.000000
2.000000
0.000000
2.000000
0.000000
2.000000
0.000000
2.000000
3.000000
1.000000
0.000000
3.000000
0.000000
715
9.000000
1
2.000000
3.000000
2.000000
0.000000
2.000000
0.000000
2.000000
0.000000
2.000000
3.000000
1.000000
0.000000
0.000000
0.000000
721
18.000000
1
2.000000
3.000000
2.000000
3.000000
2.000000
0.000000
2.000000
0.000000
2.000000
0.000000
2.000000
0.000000
0.000000
0.000000
1001
19.000000
1
2.000000
0.000000
2.000000
0.000000
2.000000
0.000000
2.000000
0.000000
2.000000
3.000000
2.000000
0.000000
0.000000
0.000000
1007
27.000000
1
2.000000
0.000000
2.000000
0.000000
2.000000
0.000000
2.000000
0.000000
2.000000
3.000000
2.000000
0.000000
3.000000
0.000000
1203
9.000000
1
2.000000
3.000000
2.000000
0.000000
2.000000
0.000000
2.000000
0.000000
2.000000
3.000000
2.000000
0.000000
0.000000
0.000000
1208
18.000000
1
2.000000
0.000000
2.000000
0.000000
2.000000
0.000000
2.000000
0.000000
2.000000
3.000000
2.000000
1.000000
0.000000
0.000000
1397
10.000000
1
2.000000
0.000000
2.000000
0.000000
2.000000
0.000000
2.000000
0.000000
2.000000
3.000000
2.000000
1.000000
2.000000
0.000000
2324
4.000000
1
2.000000
3.000000
2.000000
3.000000
2.000000
0.000000
2.000000
0.000000
2.000000
0.000000
0.000000
0.000000
0.000000
0.000000
2668
36.000000
1
2.000000
0.000000
2.000000
0.000000
2.000000
0.000000
2.000000
0.000000
2.000000
3.000000
0.000000
0.000000
0.000000
0.000000
2670
27.000000
1
2.000000
0.000000
2.000000
0.000000
2.000000
0.000000
2.000000
0.000000
2.000000
3.000000
0.000000
0.000000
3.000000
0.000000
2966
9.000000
1
2.000000
3.000000
2.000000
0.000000
2.000000
0.000000
2.000000
0.000000
2.000000
3.000000
0.000000
0.000000
0.000000
0.000000
2972
18.000000
1
2.000000
0.000000
2.000000
3.000000
2.000000
0.000000
2.000000
0.000000
2.000000
3.000000
0.000000
0.000000
0.000000
0.000000
2978
18.000000
1
2.000000
0.000000
2.000000
3.000000
2.000000
0.000000
2.000000
0.000000
2.000000
3.000000
0.000000
0.000000
3.000000
0.000000
3743
9.000000
1
2.000000
3.000000
2.000000
3.000000
2.000000
0.000000
2.000000
0.000000
2.000000
3.000000
0.000000
0.000000
0.000000
0.000000
3749
18.000000
1
2.000000
3.000000
2.000000
3.000000
2.000000
3.000000
2.000000
0.000000
2.000000
0.000000
3.000000
0.000000
0.000000
0.000000
3755
27.000000
1
2.000000
3.000000
2.000000
0.000000
2.000000
3.000000
2.000000
0.000000
2.000000
3.000000
3.000000
0.000000
0.000000
0.000000
3761
18.000000
1
2.000000
3.000000
2.000000
3.000000
2.000000
0.000000
2.000000
3.000000
2.000000
0.000000
1.000000
1.000000
0.000000
0.000000
3767
41.000000
1
2.000000
3.000000
2.000000
3.000000
2.000000
0.000000
2.000000
3.000000
2.000000
0.000000
1.000000
1.000000
2.000000
0.000000
3870
4.000000
1
2.000000
3.000000
2.000000
3.000000
2.000000
0.000000
2.000000
3.000000
2.000000
0.000000
1.000000
0.000000
0.000000
0.000000
3876
5.000000
1
2.000000
0.000000
2.000000
3.000000
2.000000
3.000000
2.000000
3.000000
2.000000
3.000000
1.000000
0.000000
0.000000
0.000000
3882
27.000000
1
2.000000
1.000000
2.000000
3.000000
2.000000
3.000000
2.000000
3.000000
2.000000
3.000000
1.000000
0.000000
0.000000
0.000000
3888
1.000000
0
